"";"gateway_node_2742";"gateway_node_2739";"gateway_node_2760";"gateway_node_4425";"gateway_node_1241";"gateway_node_4207";"gateway_node_2205";"gateway_node_151";"gateway_node_782";"gateway_node_2009";"gateway_node_2838";"gateway_node_2204";"gateway_node_3364";"gateway_node_3582";"gateway_node_2066";"gateway_node_3815";"gateway_node_2879";"gateway_node_2554";"gateway_node_4637";"gateway_node_4885";"gateway_node_483";"gateway_node_2020";"gateway_node_2150";"gateway_node_3580";"gateway_node_1466";"gateway_node_2700";"gateway_node_3064";"gateway_node_3276";"gateway_node_3277";"gateway_node_4792";"gateway_node_2610";"gateway_node_746";"gateway_node_3827";"gateway_node_2721";"gateway_node_4450";"gateway_node_645";"gateway_node_786";"gateway_node_3457";"gateway_node_1587";"gateway_node_420";"gateway_node_2459";"gateway_node_2953";"gateway_node_3727";"gateway_node_1346";"gateway_node_4083";"gateway_node_881";"gateway_node_2815";"gateway_node_2813";"gateway_node_484";"gateway_node_4769";"gateway_node_400";"gateway_node_2850";"gateway_node_3775";"gateway_node_5133";"gateway_node_5138";"gateway_node_5139";"gateway_node_5140";"gateway_node_2856";"gateway_node_2863";"gateway_node_3772";"gateway_node_1157";"gateway_node_3766";"gateway_node_2701";"gateway_node_1366";"gateway_node_4127";"gateway_node_2485";"gateway_node_530";"gateway_node_1861";"gateway_node_1028";"gateway_node_232";"gateway_node_4007";"gateway_node_4005";"gateway_node_2483";"gateway_node_3010";"gateway_node_3042";"gateway_node_2861";"gateway_node_4941";"gateway_node_5143";"gateway_node_3553";"gateway_node_3514";"gateway_node_2549";"gateway_node_5218";"gateway_node_5219";"gateway_node_4713";"gateway_node_1783";"gateway_node_3867";"gateway_node_3871";"gateway_node_4388";"gateway_node_528";"gateway_node_118";"gateway_node_4332";"gateway_node_1870";"gateway_node_2595";"gateway_node_2596";"gateway_node_51";"gateway_node_4174";"gateway_node_3310";"gateway_node_3311";"gateway_node_177";"gateway_node_933";"gateway_node_936";"gateway_node_1947";"gateway_node_935";"gateway_node_4648";"gateway_node_1675";"gateway_node_1006";"gateway_node_646";"gateway_node_3166";"gateway_node_4347";"gateway_node_157";"gateway_node_1565";"gateway_node_181";"gateway_node_1117";"gateway_node_1339";"gateway_node_2567";"gateway_node_3928";"gateway_node_4346";"gateway_node_4348"
"gateway_node_2742";0;1;1;1;1;1;0;1;0;0;0;1;1;1;0;1;0;1;1;1;0;1;1;0;1;0;1;1;1;1;1;1;1;0;1;1;1;0;0;0;1;1;1;0;0;1;0;0;0;0;1;1;1;0;1;0;0;1;0;1;1;0;1;1;1;1;0;0;0;0;1;1;0;1;0;1;0;1;0;1;0;0;0;1;1;1;1;0;0;0;1;0;1;1;1;1;0;0;1;1;1;1;1;0;1;1;0;0;0;1;0;0;1;0;0;0;1;0
"gateway_node_2739";1;1;1;1;0;1;0;0;0;1;1;0;0;0;1;1;1;0;1;0;1;1;1;0;1;1;1;1;1;1;1;1;1;1;1;0;1;1;0;0;1;1;0;0;0;1;0;0;1;1;1;1;1;1;1;1;1;1;1;0;1;1;1;1;1;1;0;1;0;0;0;0;0;1;1;1;1;1;1;1;1;1;1;0;1;0;1;1;0;1;1;1;1;1;1;1;0;1;0;1;0;1;0;0;1;0;0;0;1;1;0;0;1;1;0;0;1;0
"gateway_node_2760";1;1;0;1;0;1;1;0;0;0;1;1;1;1;0;1;1;1;1;1;1;1;1;1;1;0;1;1;1;1;1;1;0;1;0;1;1;1;0;0;1;1;1;1;1;1;1;1;1;1;1;1;1;1;0;1;1;0;1;1;1;1;0;1;1;1;0;0;0;0;0;0;1;1;1;1;0;1;0;1;1;0;1;1;0;1;1;0;1;1;1;1;0;1;0;1;0;0;1;1;1;1;1;1;1;0;1;0;0;0;1;0;1;0;0;0;0;0
"gateway_node_4425";1;1;1;0;0;0;1;0;0;1;1;0;0;1;0;0;0;0;0;0;1;1;1;1;1;1;1;1;0;0;1;0;1;1;0;0;0;1;0;0;0;0;0;0;1;1;0;0;1;1;1;1;1;1;1;1;1;1;0;1;1;1;1;0;1;0;0;0;0;0;1;1;0;1;0;1;1;1;0;0;1;1;0;1;1;0;0;0;0;1;0;1;0;1;0;1;0;0;0;0;0;1;0;0;1;1;0;0;0;0;0;0;0;0;0;0;1;0
"gateway_node_1241";1;1;1;1;0;1;1;1;0;1;1;0;1;1;1;1;0;1;0;1;1;1;0;0;0;1;1;0;0;1;1;1;1;0;0;0;0;1;0;0;0;0;0;0;1;0;0;0;1;1;1;1;0;1;1;1;1;1;1;1;1;1;1;0;0;1;1;0;0;0;0;1;1;0;0;1;0;0;0;0;1;1;1;0;1;0;0;1;1;0;0;0;0;0;0;0;0;0;0;0;0;1;0;1;0;0;0;0;1;1;0;0;0;0;0;0;0;0
"gateway_node_4207";0;0;0;1;1;1;1;1;1;1;1;1;1;1;1;1;1;1;1;1;0;0;0;1;1;0;1;1;1;0;0;1;0;0;0;0;0;0;0;0;0;0;0;0;0;0;0;0;0;0;0;0;0;0;0;0;0;0;0;0;0;0;0;0;0;0;0;0;0;0;1;1;1;0;0;0;0;0;0;0;0;0;0;0;0;0;0;0;0;0;0;0;0;0;0;0;0;0;0;0;0;0;0;0;0;1;1;0;0;1;1;0;1;0;0;0;0;0
"gateway_node_2205";0;1;0;1;1;0;1;1;1;1;1;0;0;1;0;1;1;1;0;0;1;1;1;1;1;0;1;0;0;0;1;1;1;0;0;0;0;0;0;0;0;0;0;0;1;0;0;0;0;0;0;0;0;1;1;0;0;0;0;1;1;0;0;0;0;0;0;0;0;0;0;0;0;1;1;1;0;1;0;1;0;0;1;1;0;0;0;0;0;0;0;0;0;0;0;0;0;0;0;0;0;0;0;0;0;0;0;1;0;0;1;0;1;0;0;0;0;0
"gateway_node_151";0;0;0;1;1;1;0;1;1;1;1;0;1;1;1;1;1;1;0;1;1;0;1;1;1;1;1;1;1;1;1;1;0;0;0;0;1;1;0;0;0;0;0;1;0;0;0;1;1;1;0;0;0;0;0;0;0;0;0;1;0;0;1;0;0;1;0;0;0;0;1;0;1;0;0;0;0;0;0;0;0;0;0;1;0;0;0;0;0;0;0;0;0;0;0;0;0;0;1;0;0;0;0;1;1;1;1;0;0;1;1;0;0;1;0;0;0;0
"gateway_node_782";0;0;0;0;0;0;1;1;0;0;0;1;0;0;0;0;0;1;1;0;0;1;0;0;0;0;0;0;0;0;0;0;1;0;0;0;0;0;0;1;0;0;0;0;0;0;0;0;0;0;0;0;0;0;0;0;0;0;0;0;1;0;0;0;0;0;0;0;0;0;1;1;0;0;0;0;0;0;0;0;0;0;0;0;0;0;0;0;0;0;0;0;0;0;0;0;0;0;1;0;0;0;0;0;0;0;0;0;0;0;0;0;1;0;0;0;0;0
"gateway_node_2009";0;1;1;1;1;1;1;1;0;1;1;1;1;1;1;1;1;1;1;1;1;1;1;1;1;1;1;1;1;1;1;1;1;0;0;0;0;0;0;0;0;0;0;0;0;0;0;0;1;1;0;0;0;0;1;0;0;0;0;1;1;0;1;0;0;1;0;0;0;0;1;1;1;0;0;0;0;0;0;0;0;0;0;0;1;1;1;0;0;0;1;0;0;0;0;0;0;0;1;0;0;0;1;1;1;1;1;0;0;1;1;0;1;0;0;0;0;0
"gateway_node_2838";0;1;1;1;1;1;1;1;1;1;1;1;1;1;1;1;1;1;1;1;1;1;1;1;1;1;1;1;1;1;1;1;1;0;0;0;0;0;0;0;0;0;0;0;0;0;0;0;1;1;0;0;0;0;0;0;0;0;0;1;1;0;1;0;0;0;0;0;0;0;0;0;0;0;0;0;0;0;0;0;0;0;0;0;0;0;0;0;0;0;0;0;0;0;0;0;0;0;1;0;0;0;0;0;1;1;1;0;0;1;1;0;1;0;0;0;0;0
"gateway_node_2204";0;0;0;1;1;1;1;1;1;1;1;1;1;1;1;1;1;1;1;1;1;1;1;1;1;1;1;1;1;1;0;1;1;0;0;0;0;0;0;0;0;0;0;0;0;0;0;0;0;0;0;0;0;0;0;0;0;0;0;0;0;0;0;0;0;0;0;0;0;0;0;0;0;0;0;0;0;0;0;0;0;0;0;0;0;0;0;0;0;0;0;0;0;0;0;0;0;0;0;0;0;0;0;0;1;1;1;0;0;1;1;0;1;0;0;0;0;0
"gateway_node_3364";0;1;1;1;0;1;0;1;0;1;1;0;1;1;1;1;1;1;1;1;1;1;1;1;1;1;1;1;1;1;1;1;1;1;0;0;0;0;0;0;0;0;1;0;0;0;0;0;1;1;0;0;1;1;1;0;1;0;0;1;1;0;1;0;0;1;0;0;0;0;1;0;1;0;0;0;0;0;1;0;0;1;0;0;0;0;0;0;0;0;0;0;0;0;0;0;0;0;1;0;0;0;0;1;0;0;0;0;0;1;0;0;0;0;0;0;0;0
"gateway_node_3582";1;1;1;0;0;0;0;1;0;1;1;0;1;0;1;0;1;1;1;1;0;1;1;1;1;1;1;1;1;1;1;0;1;0;1;0;0;0;0;0;1;1;0;0;0;0;0;0;1;0;1;0;1;1;1;1;1;1;1;1;1;1;1;1;1;0;0;0;0;0;0;0;0;0;1;0;0;0;1;0;1;0;0;0;0;0;0;1;0;0;0;1;0;0;0;1;0;1;0;0;0;0;0;0;0;0;0;0;1;0;0;0;1;0;0;0;0;0
"gateway_node_2066";1;0;1;0;1;0;1;0;1;1;0;1;0;1;1;0;1;0;0;1;1;1;1;1;1;1;1;1;1;1;1;1;1;0;0;0;0;0;0;0;0;1;0;0;0;0;0;0;1;1;0;0;0;0;1;0;0;0;1;0;1;0;1;0;0;0;0;0;0;0;0;0;0;0;1;0;1;0;0;0;0;0;1;0;0;0;1;0;0;1;0;0;0;0;0;0;0;0;1;0;0;0;0;0;1;1;1;0;0;0;0;0;1;0;0;0;0;0
"gateway_node_3815";0;0;0;0;0;1;0;1;0;1;1;1;0;1;1;1;1;1;1;0;1;0;1;1;1;1;0;1;0;0;1;1;1;0;0;1;1;1;0;0;1;0;0;0;0;1;0;0;1;1;0;0;0;0;0;0;0;0;0;1;0;0;1;0;0;1;0;0;0;0;1;0;1;0;0;0;0;0;1;0;0;0;0;1;0;1;0;0;0;0;1;1;0;0;0;0;1;0;1;0;1;0;0;1;1;1;0;0;0;1;0;0;1;0;0;0;0;1
"gateway_node_2879";0;1;1;1;1;1;1;1;0;1;1;1;1;1;1;1;0;1;1;1;1;1;1;1;1;1;1;1;1;1;1;1;1;0;0;0;0;0;0;0;0;0;0;0;0;0;0;0;1;1;0;0;1;0;1;1;0;0;0;1;1;0;1;0;0;0;0;0;0;0;0;0;0;0;0;0;0;0;0;0;0;0;0;0;0;0;0;0;0;0;0;0;0;0;0;0;0;0;1;0;0;0;0;0;1;0;0;0;0;1;0;0;1;0;0;0;0;0
"gateway_node_2554";0;1;1;1;1;1;1;1;1;1;1;1;1;1;1;1;1;1;1;1;1;1;1;1;1;1;1;1;1;1;1;1;1;0;0;0;0;1;1;0;0;0;0;0;1;0;0;0;1;1;0;0;0;0;1;0;0;0;0;1;1;0;1;0;0;1;1;0;0;0;1;0;1;0;0;0;0;0;0;0;0;0;0;0;0;0;0;0;0;0;0;0;0;0;0;0;1;1;1;0;0;1;0;0;1;1;1;0;1;1;0;0;1;0;0;0;0;0
"gateway_node_4637";1;0;1;0;1;1;1;1;0;1;1;1;0;1;1;1;0;1;1;1;1;0;1;1;1;1;0;1;0;0;1;1;1;1;1;0;0;1;1;0;1;1;0;0;0;0;1;0;0;0;0;1;1;0;1;1;0;0;1;0;0;0;1;0;0;1;0;0;0;0;1;0;0;0;0;0;0;0;0;0;1;0;0;0;0;0;0;1;1;0;0;0;0;0;0;0;1;1;0;0;0;1;0;0;1;1;0;0;1;1;0;0;0;0;0;0;0;0
"gateway_node_4885";1;1;1;0;1;0;1;0;0;0;1;1;1;0;1;1;1;1;1;1;1;1;1;1;1;1;1;1;0;1;0;0;1;0;0;0;0;0;0;1;0;1;0;1;0;0;0;0;1;0;0;0;0;0;1;1;0;0;0;1;0;0;1;1;1;0;0;0;0;0;0;1;1;0;0;0;0;0;0;0;0;0;0;0;0;0;0;0;0;0;0;1;0;1;0;1;1;1;1;0;0;0;0;0;1;0;0;0;0;1;0;0;1;0;0;0;0;0
"gateway_node_483";1;1;1;1;1;0;1;1;0;1;1;1;1;1;1;1;1;1;1;1;1;1;1;1;1;1;1;1;1;1;1;1;1;1;1;0;0;0;1;0;0;1;0;0;0;0;0;0;1;1;1;1;1;1;1;1;1;1;1;1;1;1;1;0;0;1;0;0;0;0;0;0;0;1;0;1;0;0;0;0;1;1;1;0;0;0;0;0;0;0;0;0;1;1;0;0;0;0;1;0;0;0;0;0;0;0;0;0;0;0;0;0;0;0;0;0;0;0
"gateway_node_2020";1;1;1;1;1;0;1;1;0;1;1;0;1;1;1;1;1;1;1;1;1;0;0;1;1;0;1;1;1;1;1;1;0;1;0;0;0;0;0;0;0;1;0;0;0;0;0;0;0;1;1;1;1;1;1;1;1;1;1;1;1;1;1;0;0;1;0;1;0;1;0;0;0;0;0;1;1;0;0;0;1;1;1;1;0;0;0;1;1;0;0;0;0;0;0;0;0;0;1;0;0;0;0;0;0;0;0;1;0;0;0;0;0;0;0;0;0;0
"gateway_node_2150";0;1;1;1;1;0;1;1;0;1;1;1;1;1;1;1;1;1;1;1;1;1;1;0;1;1;1;0;1;1;1;1;1;1;1;0;1;1;1;0;0;0;0;0;0;0;0;0;1;1;1;1;1;1;1;0;1;1;1;1;0;1;1;0;0;1;0;0;0;0;0;0;0;1;0;0;0;0;0;0;1;1;0;0;0;0;0;0;0;0;0;0;0;0;0;0;0;0;1;0;0;0;0;0;0;0;1;1;1;0;1;0;0;0;0;0;0;0
"gateway_node_3580";1;1;1;1;1;1;1;1;0;1;1;1;1;1;1;1;1;1;1;1;1;1;1;1;1;1;1;1;1;1;1;1;1;0;0;0;0;1;0;0;0;0;0;0;1;0;0;0;1;1;0;0;1;1;1;1;0;0;1;1;1;0;1;0;0;1;1;0;0;0;1;0;0;0;0;0;0;0;0;0;0;0;0;0;0;0;0;0;0;0;0;0;0;0;0;0;1;1;1;0;0;1;0;0;1;0;0;0;1;0;0;0;1;0;0;0;0;0
"gateway_node_1466";0;0;1;1;1;1;1;1;0;1;1;1;1;1;1;1;1;1;1;1;1;1;1;1;1;0;1;0;0;1;1;0;1;0;1;0;0;0;0;0;0;0;0;0;1;0;0;0;1;1;0;0;0;0;0;0;0;0;0;1;1;1;1;0;0;0;0;0;0;0;0;0;0;0;0;1;0;1;0;0;1;1;0;0;0;1;1;1;0;1;0;1;0;0;0;0;0;0;1;0;0;1;0;0;1;1;1;0;0;0;1;0;1;0;0;0;0;0
"gateway_node_2700";1;1;1;0;1;0;0;1;0;1;1;1;1;0;0;0;1;0;1;0;0;1;1;1;1;0;1;1;1;1;1;0;1;1;1;0;0;1;0;0;0;1;0;0;0;1;0;0;1;1;1;1;1;1;1;1;1;1;1;1;1;1;1;0;0;0;0;1;0;1;0;0;0;1;1;1;0;1;1;1;1;1;1;0;0;0;0;0;1;0;0;1;1;0;0;0;0;0;0;0;0;0;0;0;0;0;0;1;0;0;0;0;0;0;1;0;0;0
"gateway_node_3064";1;1;1;1;1;1;1;1;0;1;1;1;1;1;1;1;1;1;1;1;1;1;1;1;1;1;1;1;1;1;1;1;0;0;1;0;0;0;0;0;0;0;0;0;0;0;0;0;1;1;0;1;1;1;0;1;0;1;1;1;0;1;1;0;0;0;0;0;0;0;0;0;0;0;0;0;0;0;0;0;0;0;0;0;0;0;0;1;0;0;0;0;0;0;0;0;0;0;1;0;0;0;0;0;1;0;0;1;0;0;0;0;1;0;0;0;0;0
"gateway_node_3276";1;1;1;1;1;0;1;0;0;1;1;0;1;1;0;1;1;1;1;1;1;1;1;1;1;1;1;1;1;1;1;1;1;0;1;1;0;0;0;0;0;0;0;0;0;0;0;0;1;1;1;1;1;1;1;1;1;1;1;1;1;1;1;0;0;1;0;0;0;0;0;0;0;0;0;0;0;0;0;1;0;0;1;1;0;0;0;0;0;0;0;0;0;0;0;0;0;0;1;0;0;0;0;1;1;0;0;0;0;0;0;0;1;0;0;0;0;0
"gateway_node_3277";1;1;1;1;0;1;0;0;0;1;0;1;0;1;0;1;1;0;1;1;1;1;1;1;1;1;1;1;1;1;1;1;1;1;1;0;0;0;0;0;0;1;0;0;0;0;0;0;1;1;0;1;1;1;1;1;1;1;1;1;1;1;1;0;0;0;0;0;0;0;0;0;0;1;1;0;1;1;0;0;1;0;1;0;0;0;0;0;0;0;0;0;1;1;0;1;0;0;0;0;0;1;0;0;0;0;0;0;0;0;0;0;1;0;0;0;0;0
"gateway_node_4792";1;1;0;0;0;0;0;1;0;0;0;0;1;1;1;1;1;1;1;0;1;1;1;1;1;1;0;0;1;0;1;1;0;0;1;0;0;1;0;1;0;0;0;0;1;1;0;1;1;1;1;1;1;1;1;1;1;1;0;1;1;1;1;0;0;0;1;0;0;0;0;0;0;1;1;0;1;1;1;0;0;0;0;0;0;0;0;1;1;1;0;0;0;0;0;0;0;0;1;0;0;0;0;0;0;0;0;0;1;0;0;0;0;0;0;0;0;0
"gateway_node_2610";1;1;1;1;1;0;1;1;0;1;1;0;1;1;1;1;1;1;1;1;1;1;1;1;1;1;1;1;1;1;1;1;1;1;1;0;0;1;0;0;0;1;0;0;1;1;0;0;1;1;1;1;1;1;1;1;1;1;1;1;1;1;1;0;0;1;1;0;0;0;0;0;0;1;1;1;0;1;0;0;1;1;1;0;0;0;0;0;0;0;0;1;1;1;0;0;0;0;1;0;0;1;0;0;0;0;0;0;1;0;0;0;0;0;0;0;0;0
"gateway_node_746";1;1;1;0;0;0;0;0;0;1;1;1;1;1;1;1;1;1;1;1;1;1;1;1;1;1;1;1;1;1;1;1;1;1;1;0;0;1;0;0;1;1;1;0;0;0;0;0;1;1;1;1;1;1;1;1;0;1;1;1;1;0;1;1;1;1;0;0;0;0;0;0;0;0;0;1;0;1;0;0;0;1;0;0;0;0;0;0;0;0;0;0;1;1;0;0;1;0;0;0;0;0;0;0;0;0;0;1;1;0;0;0;1;1;0;0;0;0
"gateway_node_3827";1;1;1;1;1;1;1;1;1;1;1;1;1;0;0;1;1;1;1;1;1;1;1;1;1;1;0;1;1;1;1;1;1;1;1;0;0;0;0;0;0;1;0;0;0;0;0;0;1;1;1;1;1;1;1;1;1;1;1;1;1;1;0;0;0;0;0;1;1;0;0;0;0;1;0;0;0;0;0;0;1;0;0;0;0;0;0;0;0;0;0;0;0;0;0;0;0;0;1;0;0;0;0;0;0;0;0;1;0;0;0;0;0;0;0;0;0;0
"gateway_node_2721";1;1;1;0;0;0;0;0;0;0;0;0;0;0;0;0;0;0;0;0;1;1;1;0;0;1;0;0;0;0;1;0;1;0;0;0;0;0;0;0;0;0;0;0;0;0;0;0;1;1;1;1;1;1;1;1;1;1;1;1;1;1;1;0;0;0;0;0;0;0;0;0;0;0;0;0;0;0;0;0;1;1;0;0;0;0;0;0;0;0;0;0;0;0;0;0;0;0;0;0;0;0;0;0;0;0;0;0;0;0;0;1;0;0;1;1;0;1
"gateway_node_4450";1;1;1;0;0;0;0;0;0;0;0;0;0;0;0;0;0;0;0;0;0;1;1;0;1;1;1;1;1;1;1;1;1;0;0;0;0;1;1;0;0;0;0;0;1;0;0;0;1;1;0;1;1;1;1;1;0;0;1;0;0;0;1;0;0;0;1;0;0;0;0;0;0;0;0;0;0;0;0;0;0;0;0;0;0;0;0;1;0;0;0;0;0;0;0;0;0;0;0;0;0;1;0;0;0;0;0;1;1;0;0;0;0;1;0;0;1;1
"gateway_node_645";0;1;0;0;0;0;0;0;1;0;0;0;1;0;0;0;0;0;0;0;0;0;0;0;0;0;0;0;0;0;0;0;0;0;0;0;0;0;0;0;0;0;0;1;0;0;0;1;0;0;0;0;0;0;0;0;0;0;0;0;0;0;0;0;0;1;0;0;0;0;0;0;0;0;0;0;0;0;0;0;0;0;0;0;0;0;0;0;0;0;0;0;0;0;0;0;0;0;0;0;0;0;0;0;0;0;0;1;0;0;0;0;0;0;0;0;0;0
"gateway_node_786";0;0;1;0;0;0;0;0;0;1;0;0;0;0;0;0;0;0;0;0;0;0;0;0;0;0;0;0;0;0;0;1;0;0;0;0;0;0;0;0;0;0;0;0;0;0;0;0;0;0;0;0;0;0;0;0;0;0;0;0;1;0;0;0;0;0;0;0;0;0;0;0;0;0;0;0;0;0;0;0;0;0;0;0;0;0;0;1;0;0;0;0;0;0;0;0;0;0;0;0;0;0;0;0;0;0;0;1;0;0;0;1;0;0;0;0;1;1
"gateway_node_3457";0;0;0;0;0;0;0;0;0;0;0;0;0;0;0;0;0;1;0;0;0;0;0;1;0;0;0;0;0;0;1;0;0;0;0;0;0;1;0;0;0;0;0;0;1;0;0;0;1;1;1;1;1;1;1;1;1;1;1;1;1;1;0;0;0;0;1;1;1;1;0;0;0;1;1;1;1;1;1;1;1;1;1;1;0;0;0;1;1;0;0;0;0;0;0;0;0;0;0;0;0;1;0;0;0;0;0;1;1;0;0;1;0;1;0;1;1;1
"gateway_node_1587";0;0;0;0;0;0;0;0;0;0;0;0;0;1;0;0;0;1;1;1;1;1;1;0;0;0;0;0;0;0;1;1;1;0;0;0;0;0;0;0;0;1;0;0;0;0;0;0;0;0;0;0;0;0;0;1;0;0;1;1;0;0;0;0;0;0;0;0;0;0;0;0;0;0;0;0;0;0;0;0;1;0;0;1;0;1;0;0;1;0;0;0;0;0;0;0;0;0;0;0;1;0;0;0;0;0;0;0;0;0;0;0;0;0;0;0;0;0
"gateway_node_420";0;0;0;0;0;0;0;0;0;0;0;0;0;0;0;0;0;0;0;0;1;0;0;0;0;0;0;0;0;0;0;0;0;0;0;0;0;0;0;0;0;0;0;0;0;0;0;0;0;0;0;1;0;0;0;0;1;0;0;1;0;0;0;0;0;0;1;0;0;0;0;0;0;0;0;0;0;0;0;0;0;0;0;0;0;0;0;0;0;0;0;0;0;0;0;0;0;0;0;0;0;0;0;0;0;0;0;0;0;0;0;0;0;0;0;0;0;0
"gateway_node_2459";1;0;1;0;0;0;0;0;0;0;0;1;0;0;0;0;0;1;0;0;0;1;1;0;0;1;0;0;0;0;0;0;1;0;1;0;0;0;1;0;0;0;0;0;0;0;0;0;1;1;1;1;1;1;1;1;1;1;1;1;0;0;1;0;0;0;0;0;1;0;0;0;0;1;0;0;0;1;0;0;1;1;0;0;0;0;0;0;0;0;0;0;0;0;0;0;0;0;0;0;0;0;0;0;0;0;0;0;0;0;0;0;0;0;0;0;0;0
"gateway_node_2953";0;1;1;1;0;0;0;0;0;0;0;0;0;0;0;0;0;0;0;0;1;1;1;0;0;0;0;0;0;1;0;1;1;0;0;0;0;0;0;0;0;0;0;0;0;0;0;0;1;1;1;1;1;1;1;1;1;1;1;1;1;1;0;0;0;0;0;0;1;0;0;0;0;0;0;1;0;1;0;0;1;0;1;0;0;0;0;0;1;0;0;0;0;1;0;0;0;0;1;0;0;0;0;0;0;0;0;1;0;0;0;0;0;0;0;0;0;0
"gateway_node_3727";0;0;0;1;1;0;0;1;0;1;0;0;1;0;1;1;1;1;0;0;0;0;0;0;0;0;0;0;0;0;0;0;0;0;0;0;0;0;0;0;0;0;0;0;0;0;0;0;1;1;1;1;1;1;0;1;0;1;0;0;0;1;1;0;1;0;0;0;0;0;0;0;0;0;0;1;1;0;0;0;0;1;1;0;0;0;0;0;1;0;0;0;1;1;0;0;0;0;0;0;0;0;0;0;0;0;0;0;0;0;0;0;0;0;0;0;0;0
"gateway_node_1346";1;0;0;0;0;0;0;1;0;0;0;0;0;0;0;0;0;0;0;0;0;0;0;0;0;0;0;0;0;0;0;0;0;0;0;0;0;0;0;0;0;0;0;0;0;0;0;0;0;0;0;0;0;0;0;0;1;0;0;0;0;0;0;0;0;0;0;0;1;0;0;0;0;0;0;0;0;1;0;0;0;1;0;0;0;0;0;0;0;0;0;0;0;0;0;0;0;0;0;0;0;0;0;0;0;0;0;0;0;0;0;0;0;0;0;0;0;0
"gateway_node_4083";0;0;0;0;0;0;0;0;0;0;0;0;0;0;0;0;0;1;0;0;0;0;0;1;0;0;0;0;0;0;1;0;0;0;0;0;0;1;0;0;0;0;0;0;1;0;0;0;1;1;1;1;1;1;1;1;1;1;1;1;1;1;0;0;0;0;1;1;1;1;0;0;0;1;1;1;1;1;1;1;1;1;1;1;0;0;0;0;0;0;0;0;0;0;0;0;0;0;0;0;0;1;0;0;0;0;0;0;1;0;0;0;0;0;0;0;0;0
"gateway_node_881";1;1;1;0;0;0;0;0;0;0;0;0;0;0;0;0;0;0;0;0;0;0;0;0;0;1;0;0;0;0;1;0;0;0;0;0;0;0;0;0;0;0;0;0;0;0;0;0;1;1;1;1;1;1;1;1;1;1;1;1;1;1;1;0;0;0;0;1;1;1;0;0;0;0;0;1;0;1;0;0;1;1;1;0;0;0;0;1;1;0;0;0;0;0;0;0;0;0;0;0;0;0;0;0;0;0;0;1;0;0;0;0;0;0;0;0;0;0
"gateway_node_2815";0;0;0;0;0;0;0;0;0;0;0;0;0;0;0;0;0;1;1;0;0;0;0;0;0;0;0;0;0;0;1;0;0;0;0;0;0;0;0;0;0;0;0;0;0;0;0;0;0;0;0;0;0;0;0;0;0;0;0;0;0;0;0;0;0;0;0;0;1;0;0;0;0;0;0;0;0;0;0;0;0;0;0;0;0;0;0;1;0;0;0;0;0;0;0;0;0;0;0;0;0;0;0;0;0;0;0;0;0;0;0;0;0;0;0;0;0;0
"gateway_node_2813";0;0;0;0;0;0;0;0;0;0;0;0;0;0;0;0;0;0;0;0;0;0;1;0;0;0;0;0;0;0;0;1;0;0;0;0;0;0;0;0;0;0;0;0;0;0;0;0;0;0;0;0;0;0;0;0;0;0;0;0;0;0;0;1;0;0;1;0;1;0;0;0;0;1;0;0;0;0;0;0;0;0;0;0;0;0;0;0;0;0;0;0;0;0;0;0;0;0;0;0;0;0;0;0;0;0;0;0;0;0;0;0;0;0;0;0;0;0
"gateway_node_484";1;1;1;1;1;1;1;1;0;1;1;0;1;1;1;1;1;1;1;1;1;0;1;1;1;1;1;1;1;1;1;1;0;1;1;0;0;1;1;0;1;0;1;0;0;1;0;0;1;1;1;1;1;1;1;1;1;1;1;1;1;1;1;0;0;0;1;0;0;0;0;0;0;1;1;1;1;1;0;0;1;1;1;0;0;0;0;0;0;0;0;0;1;1;0;1;0;0;1;0;0;1;0;0;1;0;0;0;1;0;0;0;0;0;0;0;0;0
"gateway_node_4769";1;1;1;1;1;0;0;1;0;1;1;0;1;1;1;1;1;1;1;1;1;1;1;1;1;1;1;1;1;1;1;1;1;1;1;0;0;1;0;0;1;1;1;0;1;1;0;0;1;1;1;1;1;1;1;1;1;1;1;1;1;1;1;0;0;0;1;0;0;0;0;0;0;1;1;1;1;1;0;0;1;1;1;0;0;0;0;0;0;0;0;1;1;1;0;1;0;0;0;0;0;1;0;0;0;0;0;0;1;0;0;0;0;0;0;0;0;0
"gateway_node_400";1;1;1;0;0;0;0;0;1;0;0;0;0;0;0;0;0;0;0;0;1;0;1;0;1;1;0;1;1;1;1;0;1;1;0;0;0;0;0;0;1;1;1;0;1;1;0;0;1;0;1;1;1;1;1;1;1;1;1;1;1;1;1;1;1;0;1;0;0;1;0;0;0;1;1;1;1;1;1;0;0;1;1;0;0;0;0;1;0;0;0;1;1;1;0;1;0;0;0;0;0;1;0;0;0;0;0;0;1;0;0;0;0;0;1;0;0;0
"gateway_node_2850";1;1;1;0;1;0;1;1;0;0;0;1;1;1;0;0;0;1;0;0;1;1;1;1;1;1;1;1;1;1;0;1;0;1;1;0;0;0;0;0;0;0;1;0;1;1;0;0;1;1;1;1;1;1;1;0;1;1;0;1;1;1;1;0;0;0;1;0;1;1;1;0;0;1;1;1;0;1;1;0;0;1;0;0;0;0;0;0;0;0;0;1;1;1;0;0;0;0;1;0;0;0;1;0;0;0;0;1;0;0;0;1;0;0;0;0;0;0
"gateway_node_3775";1;1;1;1;1;0;1;0;1;0;0;0;1;0;0;0;0;0;0;1;1;1;0;1;1;1;1;0;1;1;1;1;1;1;1;0;0;1;1;0;0;1;1;0;0;1;0;0;1;1;1;1;1;1;1;1;1;0;1;1;1;1;1;0;1;1;0;1;0;0;0;0;0;0;1;1;1;1;0;1;1;1;1;0;0;0;0;1;0;0;0;1;1;0;0;1;0;0;0;1;0;1;1;0;0;0;0;0;1;0;0;0;0;1;0;0;0;0
"gateway_node_5133";1;1;1;0;0;0;0;0;0;0;0;0;0;0;0;0;0;0;0;0;1;1;1;1;1;1;1;1;1;1;1;1;1;1;1;0;0;1;0;0;1;1;1;0;1;1;0;0;1;1;1;1;1;1;1;1;1;1;1;1;1;1;1;1;1;0;1;0;0;0;0;0;0;1;1;1;1;1;0;0;1;1;1;0;0;0;0;0;0;0;0;1;1;1;0;1;0;0;0;0;0;1;0;0;0;0;0;0;1;0;0;0;0;0;0;0;0;0
"gateway_node_5138";1;1;1;1;1;1;1;1;0;1;0;0;1;1;1;1;1;1;1;1;1;1;1;1;1;1;1;1;1;1;1;1;1;0;1;0;0;0;1;0;0;0;0;0;1;1;0;0;1;1;0;1;1;1;1;1;1;0;1;1;1;1;1;1;1;0;1;0;0;0;0;0;0;1;1;0;1;0;0;0;1;0;1;0;0;0;0;1;0;0;0;1;0;0;0;1;0;1;1;0;0;1;0;0;1;0;0;0;0;0;0;1;0;0;0;1;0;1
"gateway_node_5139";1;1;1;0;1;0;1;1;0;0;1;0;1;1;1;0;1;1;0;1;1;1;1;1;1;1;1;1;1;1;1;1;1;0;1;0;0;1;0;0;1;0;1;0;1;1;0;0;1;1;1;1;1;1;1;1;1;1;1;1;1;1;1;1;1;1;1;0;0;0;0;0;0;0;0;1;0;0;1;0;0;1;0;0;0;0;0;0;0;0;0;1;0;0;0;0;0;1;1;0;0;0;0;0;1;0;0;0;1;0;0;0;0;1;1;0;0;0
"gateway_node_5140";1;1;1;0;0;0;0;0;0;0;0;0;0;0;0;0;0;0;0;0;1;1;1;0;1;1;0;1;1;1;1;0;1;1;0;0;0;1;0;0;1;1;1;0;1;1;0;0;1;1;1;1;1;1;1;1;1;1;1;1;1;1;1;1;1;0;1;0;0;0;0;0;0;1;1;1;1;1;0;0;1;1;1;0;0;0;0;0;0;0;0;1;1;1;0;1;0;0;0;0;0;1;0;0;0;0;0;0;1;0;0;0;0;0;0;0;0;0
"gateway_node_2856";1;1;1;1;1;0;0;0;0;0;0;0;1;0;0;1;0;0;0;0;1;1;1;1;1;1;1;1;1;1;1;1;1;1;0;0;0;1;0;0;1;1;1;0;1;1;0;0;1;1;1;1;1;1;1;1;1;1;1;1;1;1;0;0;0;0;0;0;0;0;0;0;0;1;1;1;1;1;0;0;1;1;1;0;0;0;0;0;0;0;0;1;1;1;0;1;0;0;0;0;0;1;0;0;0;0;0;0;0;0;0;0;0;0;0;0;0;0
"gateway_node_2863";1;1;1;0;0;0;0;0;0;0;0;0;0;1;0;0;0;0;1;1;1;1;1;1;1;1;1;1;1;1;1;1;1;1;1;0;0;1;0;0;1;1;1;0;1;1;0;0;1;1;1;1;1;1;1;1;1;1;1;1;1;1;1;1;1;0;1;0;0;0;0;0;0;1;1;1;1;1;1;0;1;1;1;0;0;0;0;0;0;0;0;1;1;1;0;1;0;0;0;0;0;1;0;0;0;0;0;0;1;0;0;0;0;0;0;0;0;0
"gateway_node_3772";1;1;1;1;1;0;1;1;0;1;1;1;1;1;1;1;0;1;1;1;1;1;1;1;1;1;1;1;1;1;1;1;1;1;1;0;0;1;0;0;1;1;1;0;1;1;0;0;1;1;1;1;1;0;1;1;1;1;1;1;1;1;1;1;0;0;1;1;0;1;0;0;0;1;1;1;0;1;0;0;1;0;1;0;0;0;0;0;0;0;0;1;0;0;0;1;0;0;0;0;0;1;0;0;0;0;0;1;1;0;0;0;0;0;0;1;0;0
"gateway_node_1157";0;1;1;1;1;1;0;1;1;1;1;0;0;1;1;1;1;1;1;1;1;1;0;1;1;1;1;1;1;1;0;1;1;1;1;0;1;1;0;1;1;1;0;0;1;1;0;0;1;1;1;1;1;1;0;1;1;1;1;1;1;1;1;0;0;0;1;0;0;0;0;0;0;1;1;1;1;1;1;0;0;1;0;0;0;0;0;1;0;0;0;0;1;1;0;0;0;0;0;0;0;0;0;0;0;0;1;1;1;0;0;0;0;0;1;0;0;0
"gateway_node_3766";0;1;1;0;0;0;0;0;0;0;0;0;0;0;1;1;1;1;0;1;0;0;1;0;1;1;0;1;1;1;1;1;0;0;0;0;0;1;0;0;1;1;1;0;1;0;0;0;1;1;1;1;1;1;1;1;1;1;1;1;1;0;1;1;0;0;1;0;0;0;0;0;1;0;1;1;1;1;0;0;0;0;1;0;0;1;1;0;0;0;0;0;1;0;0;0;0;0;1;0;0;0;0;1;0;0;1;0;1;1;1;0;1;0;0;0;0;1
"gateway_node_2701";1;1;1;1;1;0;0;1;0;1;1;0;0;1;1;1;1;1;1;1;1;1;1;0;1;1;1;1;1;1;1;1;1;1;0;0;0;0;0;0;0;1;1;0;1;1;0;0;1;1;1;1;1;1;1;1;1;1;1;1;0;1;1;0;0;1;1;0;0;0;1;0;0;1;0;1;1;1;0;0;1;1;1;0;0;0;0;0;1;0;0;1;1;1;0;0;0;0;0;0;0;0;0;0;0;0;0;0;0;1;0;0;0;0;0;0;0;0
"gateway_node_1366";0;0;0;0;0;0;0;0;0;0;0;0;0;1;0;0;0;0;0;0;0;1;0;0;0;0;0;0;0;0;0;1;1;0;0;0;0;0;0;0;0;0;0;0;0;0;0;0;0;0;0;1;1;1;1;1;1;1;1;1;0;0;0;0;0;0;0;0;0;0;0;0;0;0;0;1;0;0;0;0;1;1;0;0;0;0;0;0;1;0;0;0;0;0;0;0;0;0;0;0;0;0;0;0;0;0;0;1;0;0;0;0;0;0;1;0;0;0
"gateway_node_4127";0;0;0;0;0;0;0;0;0;0;0;1;0;0;0;0;0;0;0;0;1;0;0;0;0;0;0;0;0;0;0;1;0;0;0;0;0;0;0;0;0;0;0;0;0;0;0;0;0;1;1;1;1;0;1;1;0;0;1;1;1;1;0;0;0;0;0;0;0;0;0;0;0;0;0;1;0;0;0;0;0;1;0;0;0;0;0;1;0;0;0;0;0;0;0;0;1;0;0;0;0;0;0;0;0;0;0;1;0;0;0;0;0;0;1;0;0;0
"gateway_node_2485";1;1;1;1;1;0;0;1;0;1;0;0;1;1;0;1;0;0;0;0;1;1;1;1;0;0;0;1;1;0;0;1;0;0;0;0;0;0;0;0;0;0;0;0;0;0;0;0;0;0;0;0;0;0;0;0;0;0;0;0;0;0;0;0;0;0;0;1;0;1;0;0;0;0;0;0;0;0;0;0;0;0;0;0;0;0;0;1;1;0;0;0;0;0;0;0;0;0;0;0;0;0;0;0;0;0;0;1;0;0;0;0;0;1;1;0;0;0
"gateway_node_530";0;1;1;1;1;0;0;0;0;1;0;0;0;1;1;1;0;1;0;1;0;0;0;1;0;0;0;0;0;0;1;0;0;0;0;0;0;0;0;0;0;0;0;0;1;0;0;0;1;1;1;0;1;1;0;1;1;1;1;1;1;1;1;0;0;0;0;0;0;0;0;0;0;1;0;0;0;1;0;0;1;1;1;0;0;0;0;0;0;0;0;0;0;0;0;0;0;0;0;0;0;0;0;0;0;0;0;0;0;0;0;0;0;0;0;0;0;0
"gateway_node_1861";1;1;0;0;0;0;0;0;0;1;0;0;0;0;0;1;0;0;0;0;0;0;0;0;0;0;0;0;0;0;1;0;0;0;0;0;0;0;1;0;0;0;1;0;0;1;0;0;0;0;0;0;0;0;0;0;0;0;0;0;0;0;0;0;0;0;0;0;0;0;1;0;0;0;0;0;0;0;0;0;0;0;0;0;0;0;0;0;0;0;0;0;0;0;0;0;0;0;0;0;0;0;0;0;0;0;0;1;0;0;0;0;0;0;0;1;0;0
"gateway_node_1028";0;0;0;0;0;0;0;0;0;0;0;0;0;0;0;0;0;0;0;0;0;0;0;0;0;1;0;0;0;0;0;0;0;0;0;0;0;1;0;0;1;0;1;0;1;1;0;0;0;0;0;0;0;1;0;0;0;0;0;1;0;0;0;0;0;0;0;0;0;0;0;0;0;0;0;0;1;0;0;0;0;0;0;0;0;0;0;0;1;0;0;0;0;0;0;0;0;0;0;0;0;0;0;0;0;0;0;0;1;0;0;0;0;0;0;0;0;0
"gateway_node_232";0;0;0;0;0;0;0;0;0;0;0;0;0;0;0;0;0;0;0;0;0;0;0;0;0;1;0;0;0;0;0;0;0;0;0;0;0;0;0;0;1;0;0;0;0;0;1;1;0;1;0;0;0;1;1;1;0;0;0;0;0;1;0;0;0;0;0;0;0;0;0;0;0;0;0;0;0;0;0;0;0;1;0;0;0;0;0;0;0;0;0;0;0;0;0;0;0;0;0;0;0;0;0;0;0;0;0;0;0;0;0;1;0;0;0;0;0;0
"gateway_node_4007";0;0;0;1;1;1;0;1;0;0;0;0;0;0;0;0;0;1;0;0;0;0;0;1;0;0;0;0;1;1;0;1;0;0;0;0;0;1;0;0;0;0;0;0;1;0;0;0;1;1;0;0;0;0;0;0;0;0;0;1;0;0;0;0;0;0;0;0;0;0;0;0;0;0;0;1;0;0;0;0;0;0;0;0;0;0;0;0;0;0;0;0;0;0;0;0;0;0;0;0;0;0;0;0;0;0;0;0;0;0;0;0;0;1;0;0;0;0
"gateway_node_4005";0;0;0;1;1;0;0;0;0;1;0;0;0;0;0;0;1;0;0;0;0;0;1;0;0;0;0;0;1;0;0;0;0;0;0;0;0;0;0;0;0;0;0;0;0;0;0;0;0;0;0;0;0;0;0;0;0;0;0;0;0;0;0;0;0;0;0;0;0;0;1;0;0;0;0;0;0;0;0;0;0;0;0;0;0;0;0;0;0;0;1;0;0;0;0;0;0;0;0;0;0;0;1;0;0;0;0;0;0;0;0;0;0;0;0;0;0;0
"gateway_node_2483";0;0;0;1;1;1;0;1;0;1;0;0;1;0;0;0;0;1;0;0;0;0;0;0;0;0;0;0;0;0;0;0;0;0;0;0;0;0;0;0;0;0;0;0;0;0;0;0;0;0;0;0;0;0;0;0;0;0;0;0;0;0;0;0;0;0;0;0;0;0;0;0;0;0;0;0;0;0;0;0;0;0;0;0;0;0;0;1;1;0;0;0;0;0;0;0;0;0;0;0;0;0;0;0;0;0;0;1;0;0;0;0;0;0;1;0;0;0
"gateway_node_3010";1;1;1;0;0;0;0;0;0;0;0;0;0;0;0;0;0;0;0;0;1;1;1;0;0;1;0;0;0;1;1;0;1;0;0;0;0;1;0;0;0;0;0;0;1;0;0;0;1;1;1;1;1;1;1;1;1;1;1;1;1;1;1;0;0;0;1;0;0;0;0;0;0;0;0;0;0;0;0;0;0;0;0;0;0;0;0;0;0;0;0;0;0;0;0;0;0;0;0;0;0;1;0;0;0;0;0;0;1;0;0;0;0;0;0;0;0;0
"gateway_node_3042";1;1;1;0;1;0;0;0;0;0;0;1;0;0;0;0;1;0;1;0;0;0;1;1;0;0;0;1;0;0;0;0;0;0;0;0;0;1;0;0;0;0;0;0;0;0;0;0;1;1;1;1;1;1;1;0;1;1;1;1;1;0;1;0;0;0;0;0;0;0;0;0;0;0;0;0;0;1;0;0;0;0;1;0;0;0;0;0;0;0;0;0;0;0;0;0;0;0;0;0;0;1;0;0;1;0;0;0;0;0;0;0;0;0;1;0;0;0
"gateway_node_2861";1;1;1;1;1;0;1;0;0;1;1;1;0;0;0;0;0;0;0;1;1;0;0;0;0;1;1;1;0;0;0;0;1;0;1;1;0;0;1;0;1;1;1;0;0;0;0;0;1;1;1;1;1;1;1;1;1;1;1;0;0;1;1;0;1;0;0;0;0;0;0;0;0;0;0;0;0;0;0;0;0;1;1;0;1;0;0;0;0;0;0;1;1;1;0;0;0;0;0;0;0;1;0;0;0;0;0;0;0;0;0;0;0;0;1;0;0;0
"gateway_node_4941";1;1;1;0;0;0;0;0;0;0;0;0;0;0;1;1;0;1;0;0;0;0;0;0;0;0;0;1;1;0;1;1;0;0;0;0;0;0;0;0;0;0;0;0;0;0;0;0;1;1;1;1;1;1;1;1;1;1;1;1;1;1;1;0;0;0;1;0;0;0;0;0;0;0;0;0;0;0;0;0;0;0;0;0;0;0;0;0;0;0;0;0;0;0;0;0;0;0;0;0;0;0;0;0;0;0;0;0;1;0;0;0;0;0;0;0;0;0
"gateway_node_5143";1;1;1;0;0;0;0;0;0;0;0;0;0;0;0;0;0;0;0;0;0;0;0;0;0;0;0;0;0;0;1;0;0;0;0;0;0;1;1;0;1;1;1;1;1;1;1;1;1;1;1;1;1;0;1;1;1;1;1;0;1;1;1;0;0;0;1;0;0;0;0;0;0;0;1;1;0;1;0;0;1;1;1;0;0;0;0;0;0;0;0;1;0;0;0;1;0;0;0;0;0;1;0;0;0;0;0;0;0;0;0;0;0;0;0;0;0;0
"gateway_node_3553";0;1;0;0;0;0;0;0;0;0;0;0;1;1;0;0;1;0;1;0;0;1;0;0;0;0;1;0;0;0;0;0;0;0;0;0;0;0;1;0;0;0;0;0;0;0;0;0;0;0;1;0;0;0;0;1;0;1;1;0;1;0;0;0;0;0;1;0;0;0;0;0;0;0;0;0;0;0;0;0;0;1;0;0;0;0;0;0;0;0;0;0;0;0;0;0;0;0;1;0;0;0;0;0;0;0;0;1;0;0;0;0;1;0;0;0;0;0
"gateway_node_3514";1;1;1;0;0;0;0;0;0;0;0;0;0;0;0;0;0;0;0;0;1;0;0;0;0;0;0;0;0;0;0;0;0;0;0;0;0;0;0;0;0;0;0;0;0;0;0;0;0;0;0;0;0;0;0;0;0;0;0;1;1;0;0;0;0;0;0;0;0;0;0;0;0;0;0;0;0;0;0;0;0;0;0;0;0;0;0;1;1;0;0;0;0;0;0;0;0;0;0;0;0;0;0;0;0;0;0;1;0;0;0;1;0;0;0;1;0;0
"gateway_node_2549";1;1;1;0;0;0;0;0;0;0;0;0;0;0;0;0;0;0;0;0;1;1;1;0;0;1;0;0;0;0;0;0;1;1;0;0;0;1;0;0;1;0;1;0;1;1;0;0;1;1;1;1;1;1;1;1;1;1;1;1;1;1;1;1;1;0;1;0;0;0;0;0;0;0;1;1;1;1;1;0;1;1;1;0;0;0;0;1;0;0;0;1;0;1;0;1;0;0;0;0;0;1;0;0;0;0;0;0;1;0;0;0;0;1;0;0;0;0
"gateway_node_5218";1;1;1;1;0;1;0;0;0;0;1;0;0;0;0;0;0;1;0;0;1;1;1;0;0;1;0;0;1;1;1;0;1;0;0;0;0;1;0;0;1;0;1;0;1;1;0;0;0;0;1;0;1;1;0;1;1;1;1;1;1;0;1;1;1;0;1;0;0;0;0;0;0;0;1;0;1;1;1;0;1;1;1;0;0;0;0;1;0;0;0;1;1;1;0;1;0;0;0;0;0;1;0;0;0;0;0;0;1;0;0;0;0;0;0;0;0;1
"gateway_node_5219";1;1;1;0;0;0;0;0;0;0;0;0;0;0;0;0;0;0;0;0;1;0;0;0;0;1;0;0;0;0;1;0;0;0;0;0;0;1;0;0;1;0;1;0;1;1;0;0;1;1;1;1;1;1;1;1;1;1;1;0;1;1;1;0;0;0;0;0;0;0;0;0;0;0;1;1;1;1;0;0;1;1;1;0;0;0;0;1;0;0;0;1;0;0;0;1;0;0;0;0;0;1;0;0;0;0;0;0;1;0;0;0;0;0;1;0;0;0
"gateway_node_4713";1;1;1;0;0;0;0;0;0;0;0;0;0;0;0;0;0;0;0;0;0;0;0;0;0;0;0;0;0;0;0;0;0;0;0;0;0;1;1;0;0;0;0;0;1;0;0;0;0;0;0;0;0;0;0;0;0;0;0;0;0;0;0;0;0;0;1;0;0;0;0;0;0;0;0;0;0;0;0;0;0;0;0;0;0;0;0;1;0;0;0;0;0;0;0;0;0;0;0;0;0;1;0;0;0;0;0;1;1;0;0;0;0;0;0;0;0;0
"gateway_node_1783";1;1;1;1;1;0;0;0;0;1;0;0;0;0;0;0;0;0;0;0;0;0;0;0;0;0;0;0;0;0;0;0;0;0;0;0;0;0;0;0;0;0;0;0;0;0;0;0;0;0;1;0;0;0;0;0;0;0;0;0;0;0;0;0;0;0;0;0;0;0;0;0;0;0;0;0;0;0;0;0;0;0;0;0;0;0;0;0;0;0;0;0;0;0;0;0;0;0;0;0;0;0;0;0;0;0;0;0;0;0;0;0;0;0;0;0;0;0
"gateway_node_3867";1;0;0;0;0;0;0;0;0;0;0;0;0;0;0;0;0;0;0;0;0;0;0;0;0;0;0;0;0;0;1;0;0;0;0;0;0;0;0;0;0;0;0;0;0;0;0;0;1;0;0;1;0;0;1;0;0;0;0;0;1;1;0;0;0;0;0;0;0;0;0;0;0;0;0;1;0;0;0;0;0;0;0;0;0;0;0;0;0;0;0;0;1;0;0;0;0;0;0;0;0;0;0;0;0;0;0;0;0;0;0;0;0;0;0;0;0;0
"gateway_node_3871";1;1;1;1;1;0;0;0;0;0;0;0;0;0;0;0;0;0;0;0;0;0;0;0;0;0;0;0;0;0;1;0;0;0;0;0;0;0;0;0;0;0;0;0;0;0;0;0;0;0;0;0;0;0;0;0;0;0;0;0;0;0;0;0;0;0;0;0;0;0;0;0;0;0;0;0;0;0;0;0;0;0;1;0;0;0;0;0;0;0;0;0;0;0;0;0;0;0;0;0;0;0;0;0;0;0;0;1;0;0;0;0;0;1;0;0;0;0
"gateway_node_4388";0;0;1;0;1;0;0;0;0;1;1;0;1;0;1;0;0;0;0;0;0;0;0;0;0;1;0;0;0;0;0;1;1;0;1;1;0;0;1;0;1;1;1;0;0;1;0;0;0;0;0;0;0;0;1;0;0;1;0;0;0;0;1;0;0;1;0;0;0;0;0;1;0;0;0;0;1;0;0;1;0;1;0;0;1;1;1;0;0;0;1;0;1;0;1;0;0;0;0;1;1;0;1;0;1;0;0;0;0;0;0;0;0;0;0;0;0;0
"gateway_node_528";0;0;0;0;0;0;0;0;0;0;0;0;0;0;0;0;0;0;0;0;0;0;0;0;0;0;0;0;0;0;0;0;0;0;1;0;0;1;1;0;1;1;1;0;0;1;0;0;0;0;0;0;0;0;0;0;0;0;0;0;0;0;0;1;1;1;1;1;1;1;1;1;1;0;0;0;0;0;0;0;0;0;0;0;0;0;0;0;0;0;0;0;0;0;0;0;0;0;0;0;0;0;0;0;0;0;0;0;0;0;0;0;0;1;0;0;1;0
"gateway_node_118";1;0;1;1;1;0;0;0;0;1;0;0;0;0;0;0;0;0;0;0;0;0;0;0;0;0;0;0;0;0;0;0;0;0;0;0;0;0;0;0;0;0;0;0;0;0;0;0;0;0;0;0;0;0;0;0;0;0;0;0;0;0;0;0;0;0;0;0;0;0;0;0;0;0;0;0;0;0;0;0;0;0;0;0;0;0;0;0;0;0;0;0;0;0;0;0;0;0;0;0;0;0;0;0;0;0;0;0;0;0;0;0;0;1;0;0;0;0
"gateway_node_4332";1;1;1;1;1;0;0;0;0;1;0;0;0;1;0;0;0;0;0;0;0;0;0;0;0;1;0;0;0;0;0;0;0;0;0;0;0;0;0;0;0;0;0;0;0;0;0;0;0;0;0;0;0;0;0;0;0;0;0;0;0;0;0;0;0;0;0;0;0;0;0;0;0;0;0;0;0;0;0;0;0;0;0;0;0;0;0;0;0;0;0;0;0;0;0;0;0;0;0;0;0;0;0;0;0;0;0;0;0;0;0;0;1;0;0;0;0;0
"gateway_node_1870";1;1;1;0;0;0;0;0;0;0;0;0;0;0;0;0;0;0;0;0;0;0;0;0;0;1;0;0;0;0;1;0;0;0;0;0;0;0;0;0;0;0;0;0;0;0;0;0;1;1;1;1;1;1;1;1;1;1;1;1;1;1;1;0;0;0;0;0;0;0;0;0;0;0;0;1;0;1;0;0;1;1;1;0;0;0;0;0;0;0;0;0;0;0;0;0;0;0;0;0;0;0;0;0;0;0;0;0;0;0;0;0;0;0;1;0;0;0
"gateway_node_2595";1;1;1;0;0;0;0;0;0;0;0;0;0;0;0;0;0;0;0;0;1;0;0;0;0;1;0;0;0;0;1;0;0;0;0;0;0;0;0;0;0;0;0;0;0;0;0;0;1;1;1;1;1;1;1;1;1;1;1;1;1;1;1;0;0;0;0;0;0;0;0;0;0;0;0;1;0;0;0;0;1;1;0;0;0;0;0;0;0;0;0;0;0;0;0;0;0;0;0;0;0;0;0;0;0;0;0;0;0;0;0;0;0;0;1;0;0;0
"gateway_node_2596";1;1;1;0;0;0;0;0;0;0;0;0;0;0;0;0;0;0;1;0;1;0;0;0;0;1;0;0;0;0;1;0;0;0;0;0;0;0;0;0;0;0;0;0;0;0;0;0;1;1;1;1;1;1;1;1;1;1;1;1;1;1;1;0;0;0;0;0;0;0;0;0;0;0;0;1;0;0;0;0;1;1;0;0;0;0;0;0;0;0;0;0;0;0;0;0;0;0;0;0;0;0;0;0;0;0;0;0;0;0;0;0;0;0;0;0;0;0
"gateway_node_51";1;1;1;0;0;0;0;0;0;0;0;0;0;0;0;0;0;0;0;0;0;0;0;0;0;0;0;0;0;0;0;0;0;0;0;0;0;0;0;0;0;0;0;0;0;0;0;0;0;0;0;0;0;0;0;0;0;0;0;0;0;0;0;0;0;0;0;0;0;0;0;0;0;0;0;0;0;0;0;0;0;0;0;0;0;0;0;0;0;0;0;0;0;0;0;0;0;0;0;0;0;0;0;0;0;0;0;0;0;0;0;0;0;0;1;0;0;0
"gateway_node_4174";1;1;1;0;1;0;0;0;0;0;1;1;0;0;1;0;1;0;0;0;0;0;0;0;1;0;1;1;0;0;1;0;0;0;0;0;0;1;0;0;0;1;0;1;0;1;0;0;1;0;1;0;0;0;0;0;0;0;0;0;0;0;1;1;0;0;0;0;0;0;0;0;0;0;0;0;0;0;0;0;0;0;0;0;0;0;0;1;0;0;0;0;0;0;0;0;0;0;0;0;0;0;0;0;0;0;0;1;0;0;0;0;0;0;0;0;0;0
"gateway_node_3310";0;0;0;0;0;0;0;0;0;0;0;0;0;1;0;1;0;1;1;0;0;0;0;1;0;0;0;0;0;0;0;1;0;0;0;0;0;0;0;0;0;0;0;0;0;0;0;0;0;0;0;0;0;0;0;0;0;0;0;0;0;0;0;0;0;0;0;0;0;0;0;0;0;0;0;0;0;0;0;0;0;0;0;0;0;0;0;0;0;0;0;0;0;0;0;0;0;0;0;0;0;0;0;0;0;0;0;0;0;0;0;0;0;0;1;0;0;0
"gateway_node_3311";0;0;1;0;0;0;1;0;0;0;0;1;0;0;0;0;0;1;0;0;0;0;0;0;0;0;0;1;0;0;0;1;0;0;0;0;0;0;0;0;0;0;0;0;0;0;0;0;0;0;0;0;0;0;0;0;0;0;0;0;0;0;0;0;0;0;0;0;0;0;0;0;0;0;0;0;0;0;0;0;0;0;0;0;0;0;0;1;0;0;0;0;0;0;0;0;0;0;0;0;0;0;0;0;0;0;0;1;0;0;0;0;0;0;0;1;0;0
"gateway_node_177";0;1;1;1;1;0;1;1;0;1;1;1;1;1;1;1;1;1;1;1;1;1;1;0;1;0;0;1;1;1;0;1;1;0;1;0;1;0;1;1;0;0;0;0;0;0;0;0;0;0;0;0;0;0;1;0;0;0;0;0;0;0;0;0;0;0;0;0;0;0;0;0;0;0;0;0;0;0;0;0;1;0;0;0;0;0;0;0;0;0;0;0;0;0;0;0;0;0;0;0;0;0;0;0;0;0;0;0;0;0;0;0;0;0;0;0;0;0
"gateway_node_933";0;0;1;0;0;0;0;0;0;0;0;0;0;0;0;0;0;0;0;0;0;1;0;0;0;0;0;0;0;0;0;0;0;0;0;0;0;1;0;0;0;0;0;0;0;0;0;0;0;1;0;0;0;0;0;0;0;0;0;0;0;0;0;0;0;0;0;0;0;0;0;0;0;0;0;0;0;0;0;0;1;0;0;0;0;0;0;0;0;0;0;0;0;0;0;0;0;0;0;0;0;0;0;0;0;0;0;0;0;0;0;0;0;0;0;0;0;0
"gateway_node_936";1;1;1;0;0;0;0;0;0;0;0;0;0;0;0;0;0;0;0;0;0;0;0;0;0;0;0;0;0;0;0;0;0;0;0;0;0;0;0;0;0;0;0;0;0;0;0;0;0;0;0;0;0;0;0;0;0;0;0;0;0;0;0;0;0;0;0;0;0;0;0;0;0;0;0;0;0;0;0;0;0;0;0;0;0;0;0;1;0;0;0;0;0;0;0;0;0;0;0;0;0;0;0;0;0;0;0;1;0;0;0;0;0;0;0;0;0;0
"gateway_node_1947";0;0;0;0;0;1;0;0;0;0;0;1;1;0;0;0;0;1;1;1;0;0;0;1;0;0;0;1;1;1;1;0;0;0;0;0;0;1;0;0;0;0;0;0;0;0;0;0;1;1;1;1;1;0;0;1;1;1;1;0;0;1;0;0;0;0;0;0;0;0;0;0;0;0;0;0;1;0;1;0;1;1;0;0;0;0;0;1;0;0;0;0;0;0;0;0;0;0;1;0;0;0;0;0;1;1;1;0;0;1;0;0;0;0;0;0;0;0
"gateway_node_935";1;0;0;1;1;0;0;0;0;1;0;0;0;0;0;0;0;0;1;0;0;0;0;1;0;0;0;0;0;0;0;0;0;0;0;0;0;0;0;0;0;0;0;0;0;0;0;0;0;0;0;0;0;0;0;0;0;0;0;0;0;0;0;0;0;0;0;0;0;0;0;0;0;0;0;0;0;0;0;0;0;0;0;0;0;0;0;0;0;0;0;0;0;0;0;0;0;0;0;0;0;0;0;0;0;0;0;1;0;0;0;0;0;1;0;0;0;0
"gateway_node_4648";0;1;0;1;1;0;0;0;0;1;0;0;0;0;0;0;0;0;0;0;0;0;0;0;0;0;0;0;0;0;0;0;1;0;0;0;0;0;0;0;0;0;0;0;0;0;0;0;0;0;0;0;0;0;0;0;0;0;0;0;0;1;0;0;0;0;0;0;0;0;0;0;0;1;0;0;0;0;0;0;0;0;0;0;0;0;0;0;0;0;0;0;0;0;0;0;0;0;0;0;0;0;1;0;0;0;0;0;0;0;0;0;0;0;0;0;0;0
"gateway_node_1675";0;0;1;1;0;0;1;1;0;1;0;0;1;1;0;1;0;1;1;1;0;0;0;1;0;0;0;0;1;0;0;1;0;0;0;0;0;0;1;0;0;0;1;0;1;0;0;0;0;0;0;0;1;0;0;0;0;1;1;1;0;0;0;0;0;0;0;0;0;0;0;0;0;0;0;0;0;0;0;0;0;0;0;0;0;0;0;1;1;0;0;0;0;0;0;0;0;0;0;0;0;0;0;0;0;0;0;0;0;0;0;0;0;1;0;1;0;0
"gateway_node_1006";0;1;0;0;1;0;0;0;0;1;1;0;1;1;1;0;0;0;0;0;0;0;0;0;0;0;1;0;0;0;0;0;0;0;0;0;0;0;0;0;0;0;0;0;0;0;0;0;0;0;0;0;0;0;1;0;0;0;0;0;0;0;1;0;0;0;0;0;0;0;0;0;0;0;0;0;0;0;0;0;1;1;0;0;0;0;0;1;0;0;0;0;0;0;0;0;0;0;0;0;0;0;0;0;0;0;0;0;0;0;0;0;0;0;0;0;0;0
"gateway_node_646";0;1;1;0;0;0;0;0;0;0;0;0;0;0;0;1;0;0;0;0;0;0;0;0;0;0;0;0;0;0;0;0;0;1;0;0;0;0;0;0;0;0;0;0;0;0;0;0;1;1;0;1;0;1;1;0;0;0;1;1;0;1;0;0;0;0;0;0;0;0;0;0;0;0;0;1;0;0;0;0;0;0;0;0;0;0;0;0;0;0;0;0;0;0;0;0;0;0;0;0;0;0;0;0;0;0;0;0;0;0;0;0;0;0;0;0;0;0
"gateway_node_3166";0;1;1;0;0;0;0;0;0;0;1;0;0;1;1;0;1;0;1;1;1;1;0;1;0;0;1;1;1;1;0;0;0;0;1;0;0;0;0;0;1;0;0;0;1;0;0;0;1;1;0;0;0;0;1;1;0;1;0;0;1;1;0;0;0;0;0;0;0;1;0;0;0;0;0;0;0;0;0;0;1;0;0;0;0;0;0;0;0;0;0;0;0;1;0;0;0;1;1;0;0;0;0;0;1;0;0;0;0;0;0;0;0;0;0;0;0;0
"gateway_node_4347";1;0;1;1;1;1;0;1;0;0;0;1;1;0;0;0;0;1;1;0;1;1;0;1;0;0;1;0;1;1;1;0;0;0;0;0;0;0;0;0;0;0;0;0;0;0;0;0;1;1;0;0;0;0;0;0;0;0;1;1;1;0;0;0;0;1;0;0;0;0;0;0;0;0;1;0;0;0;1;1;1;1;1;0;0;0;0;1;0;0;1;0;0;0;0;0;0;0;0;0;0;0;0;0;0;0;0;1;0;0;0;0;0;0;0;0;0;0
"gateway_node_157";0;1;0;1;1;1;1;1;0;1;1;1;1;1;0;0;0;0;1;1;0;0;0;0;0;0;0;0;0;0;0;0;0;0;0;0;0;0;0;0;0;0;0;0;0;0;0;0;0;0;0;0;1;0;0;1;0;0;0;0;0;0;0;0;0;0;0;0;0;0;0;0;0;0;0;0;0;0;0;0;0;0;0;0;0;0;0;0;0;0;0;0;0;0;0;0;0;0;1;0;0;0;0;0;0;0;0;0;0;0;0;0;0;0;1;0;0;1
"gateway_node_1565";0;0;0;1;1;1;1;1;1;1;1;1;0;0;0;0;0;0;0;0;0;0;0;0;0;0;0;0;0;0;0;0;0;0;0;0;0;0;0;0;0;0;0;0;0;0;0;0;0;0;0;0;0;0;0;0;0;0;0;0;0;0;0;0;0;0;0;0;0;0;0;0;0;0;0;0;0;0;0;0;0;0;0;0;0;0;0;0;0;0;0;0;0;0;0;0;0;0;0;0;0;0;0;0;0;0;0;0;0;0;0;0;0;0;0;0;0;1
"gateway_node_181";0;0;0;1;0;1;0;0;0;0;0;0;0;0;0;0;0;0;0;0;0;0;0;1;0;0;0;0;0;0;0;1;0;1;1;1;0;1;0;0;0;0;0;0;0;0;0;0;0;0;0;0;0;0;0;0;0;0;0;0;0;0;0;0;0;0;0;0;0;0;0;0;0;0;0;0;0;0;0;0;0;0;0;0;0;0;0;0;0;0;0;0;0;0;0;0;0;0;0;0;0;0;0;0;0;0;0;0;0;0;0;0;0;0;0;0;0;0
"gateway_node_1117";1;1;1;0;1;0;1;1;0;1;1;0;1;1;0;0;1;1;1;1;0;0;0;1;1;1;0;1;1;0;1;1;1;0;0;0;0;0;0;0;0;0;0;0;0;0;0;0;0;0;0;0;0;0;1;0;0;0;0;0;1;0;0;0;0;0;0;0;0;0;0;0;0;0;0;0;0;0;0;0;0;0;0;0;0;0;0;0;0;0;0;0;0;0;0;0;0;0;0;0;0;0;0;0;0;0;0;0;0;0;0;0;0;0;0;0;0;0
"gateway_node_1339";0;0;1;0;0;0;0;0;0;0;0;0;0;0;0;0;0;0;0;0;0;0;0;0;0;0;0;0;0;0;1;1;0;0;0;0;0;1;0;0;0;0;0;0;0;0;1;0;0;0;0;0;0;0;0;0;0;0;1;1;1;0;0;0;0;0;0;0;0;0;0;0;0;0;0;1;0;0;1;0;1;1;0;0;0;1;1;0;0;0;1;0;0;0;0;1;0;0;0;0;0;0;0;0;0;0;0;0;0;0;0;0;0;0;0;0;0;0
"gateway_node_2567";1;1;1;1;0;1;0;1;0;0;0;0;0;1;0;0;0;0;0;0;0;0;0;0;0;0;0;0;1;0;0;0;0;1;0;0;0;0;0;0;0;0;0;0;0;0;0;0;0;1;0;0;1;0;0;0;0;0;1;0;0;0;0;0;0;0;0;0;0;0;0;0;0;0;0;0;0;0;0;0;0;0;0;0;0;0;0;1;0;0;0;0;1;0;1;0;0;0;0;0;0;0;0;0;0;0;0;0;0;0;0;1;0;1;0;0;0;0
"gateway_node_3928";1;1;0;1;0;0;0;0;0;0;0;0;1;0;1;1;0;0;0;0;0;0;0;0;0;0;1;0;0;0;0;0;0;0;0;0;0;0;0;0;0;0;0;0;0;0;0;0;0;0;0;0;0;0;0;0;0;0;0;0;0;0;0;0;0;0;0;0;0;0;0;0;0;0;0;0;0;0;0;0;0;0;0;0;0;0;0;1;0;0;0;0;0;0;0;0;0;0;0;0;0;0;0;0;0;0;0;0;0;0;0;0;0;0;0;0;0;0
"gateway_node_4346";0;0;0;0;0;0;0;0;0;0;0;0;0;0;0;0;0;0;0;0;0;0;0;0;0;0;0;0;0;0;0;0;0;0;1;0;1;1;1;0;0;0;0;0;0;0;0;0;0;0;0;0;0;0;0;0;0;0;0;0;0;0;0;0;0;0;0;0;0;0;0;0;0;0;0;0;0;0;0;0;0;0;0;0;0;0;0;0;1;0;0;0;0;0;0;0;0;0;0;0;0;0;0;0;0;0;0;1;1;0;0;0;0;0;0;0;0;0
"gateway_node_4348";1;0;0;0;0;0;0;0;0;0;0;0;0;0;0;0;0;0;0;0;0;0;0;1;0;0;0;1;0;0;0;1;0;1;1;0;0;0;0;0;0;1;0;0;0;0;0;0;0;0;0;0;0;0;0;1;0;0;0;0;1;0;0;0;0;0;0;0;0;0;0;0;0;0;0;0;0;0;0;0;0;0;0;0;0;0;0;0;0;0;0;0;0;0;0;0;0;0;0;0;0;0;0;0;0;0;0;0;0;1;0;0;0;0;0;0;0;0
