"";"gateway_node_7";"gateway_node_2755";"gateway_node_4425";"gateway_node_3365";"gateway_node_3580";"gateway_node_1466";"gateway_node_3045";"gateway_node_3064";"gateway_node_3285";"gateway_node_4670";"gateway_node_4686";"gateway_node_488";"gateway_node_4637";"gateway_node_4199";"gateway_node_2009";"gateway_node_1753";"gateway_node_4379";"gateway_node_3028";"gateway_node_1754";"gateway_node_3828";"gateway_node_2721";"gateway_node_4450";"gateway_node_645";"gateway_node_786";"gateway_node_3457";"gateway_node_1587";"gateway_node_787";"gateway_node_2459";"gateway_node_3727";"gateway_node_4083";"gateway_node_481";"gateway_node_4792";"gateway_node_1665";"gateway_node_1437";"gateway_node_484";"gateway_node_4769";"gateway_node_2700";"gateway_node_2610";"gateway_node_2701";"gateway_node_3044";"gateway_node_4127";"gateway_node_530";"gateway_node_1861";"gateway_node_1028";"gateway_node_232";"gateway_node_2483";"gateway_node_4932";"gateway_node_1921";"gateway_node_3010";"gateway_node_3042";"gateway_node_2867";"gateway_node_4939";"gateway_node_4941";"gateway_node_5101";"gateway_node_5102";"gateway_node_5133";"gateway_node_5139";"gateway_node_5140";"gateway_node_5217";"gateway_node_1486";"gateway_node_3553";"gateway_node_3070";"gateway_node_3514";"gateway_node_1993";"gateway_node_1992";"gateway_node_5142";"gateway_node_5218";"gateway_node_1920";"gateway_node_3516";"gateway_node_4713";"gateway_node_3013";"gateway_node_3009";"gateway_node_3766";"gateway_node_3713";"gateway_node_3871";"gateway_node_3937";"gateway_node_4247";"gateway_node_4799";"gateway_node_4800";"gateway_node_4388";"gateway_node_528";"gateway_node_118";"gateway_node_4332";"gateway_node_1618";"gateway_node_2596";"gateway_node_1617";"gateway_node_936";"gateway_node_1755";"gateway_node_1947";"gateway_node_1757";"gateway_node_3081";"gateway_node_4423";"gateway_node_3166";"gateway_node_4347";"gateway_node_161";"gateway_node_486";"gateway_node_1319";"gateway_node_1565";"gateway_node_181";"gateway_node_1339";"gateway_node_2567";"gateway_node_3928";"gateway_node_4346";"gateway_node_4348"
"gateway_node_7";1;0;0;0;0;0;0;0;0;1;0;0;1;0;1;0;1;1;0;0;0;1;0;0;0;0;1;0;0;0;1;0;0;0;0;1;1;1;1;0;1;0;0;0;0;0;0;1;0;0;0;0;0;0;0;0;0;0;0;0;0;0;0;0;0;1;1;0;1;0;1;0;0;0;0;0;0;0;0;0;0;0;0;0;0;0;0;0;0;1;0;0;0;1;0;0;0;0;0;0;0;0;0;0
"gateway_node_2755";1;1;0;0;0;0;1;1;0;0;0;1;0;1;0;1;1;0;1;0;0;1;0;1;0;0;0;1;0;0;1;0;0;0;0;0;0;1;1;1;1;0;0;0;1;0;0;0;0;1;1;1;0;0;0;0;1;1;1;0;0;0;0;1;1;1;0;0;0;0;0;0;0;0;0;0;0;0;1;0;0;0;1;1;0;0;1;1;0;0;0;0;0;0;1;0;1;0;0;0;0;0;0;0
"gateway_node_4425";0;0;1;0;0;0;0;0;0;0;0;0;1;0;0;0;0;1;0;1;0;0;0;0;0;0;0;0;0;1;0;0;0;1;1;0;0;0;1;0;0;0;0;0;1;0;0;1;0;0;0;0;0;0;0;0;0;0;0;0;0;0;0;0;1;0;0;0;0;1;0;0;0;0;1;0;0;0;0;1;0;0;0;1;0;0;1;0;0;0;0;0;0;0;0;0;0;0;1;0;0;1;0;0
"gateway_node_3365";0;0;0;1;0;1;0;0;1;0;0;0;0;1;1;0;0;0;0;0;0;0;0;0;0;0;1;0;1;0;0;0;0;0;0;0;1;0;0;0;0;0;0;0;1;1;0;1;0;1;0;0;0;0;0;0;1;0;0;1;0;0;0;0;0;0;0;0;0;0;0;0;0;0;1;0;1;0;1;1;0;0;0;1;0;0;0;0;0;0;1;0;1;1;0;0;0;0;0;1;0;0;0;1
"gateway_node_3580";0;1;0;0;1;0;0;1;0;0;0;0;0;0;0;0;0;0;0;0;0;0;0;0;0;0;0;0;0;0;0;0;1;0;0;0;0;0;0;1;0;0;1;0;0;0;1;0;0;0;0;0;0;0;0;1;1;0;0;0;0;0;0;0;1;0;0;0;1;0;1;0;0;0;0;0;0;0;0;0;0;0;0;0;0;1;0;0;0;1;1;0;1;0;0;1;0;0;0;0;1;0;1;0
"gateway_node_1466";0;0;0;1;0;1;0;0;0;0;0;1;0;0;0;0;0;1;0;0;1;0;0;0;0;0;0;0;0;0;0;0;0;1;0;0;0;0;0;0;1;0;0;0;0;0;1;1;1;0;0;0;0;0;0;0;0;0;0;1;1;0;1;0;0;0;1;0;0;0;0;0;0;0;0;1;0;1;0;1;0;0;0;0;1;0;1;0;0;0;0;0;1;0;0;1;0;0;0;0;0;1;0;1
"gateway_node_3045";0;0;0;0;0;0;1;0;0;0;0;1;1;0;0;1;0;0;1;0;0;0;1;1;0;0;0;0;0;0;0;0;0;0;0;0;0;0;1;0;0;0;0;1;0;1;0;0;0;0;1;0;0;0;0;0;0;0;1;0;0;0;1;0;0;1;0;0;1;0;0;0;0;0;0;1;0;0;1;0;1;0;0;0;0;0;1;0;0;0;1;1;0;0;0;0;0;0;0;0;0;0;0;1
"gateway_node_3064";0;0;0;1;0;1;0;1;0;0;0;0;0;0;1;0;1;0;0;1;1;1;0;1;0;1;0;0;0;0;0;0;0;0;1;1;1;0;0;0;0;0;1;0;0;0;0;1;1;0;1;0;0;0;0;0;1;0;0;0;0;0;0;0;0;1;0;1;0;1;0;1;0;0;0;0;0;0;0;0;0;0;0;0;0;0;0;1;0;0;0;0;0;0;0;0;0;0;0;1;0;1;0;0
"gateway_node_3285";0;0;0;1;0;0;0;1;1;0;0;0;0;0;0;0;1;0;0;1;0;0;0;0;0;0;0;1;0;0;0;0;0;0;0;0;1;0;1;0;0;0;0;1;0;0;0;0;0;0;0;0;0;1;0;0;0;0;0;1;0;1;0;0;0;0;0;0;0;0;0;0;0;0;0;0;0;0;0;0;1;0;0;0;1;0;0;0;0;1;0;0;1;1;0;0;1;0;0;0;0;0;0;0
"gateway_node_4670";0;0;1;0;0;0;0;0;1;1;0;0;0;1;0;1;0;0;1;1;0;0;0;1;0;0;0;0;0;1;0;0;1;0;0;0;1;1;0;0;0;0;0;0;1;0;0;0;0;0;0;0;0;0;1;0;0;0;0;0;0;0;0;0;0;0;0;0;1;0;0;0;0;0;0;0;0;1;0;0;1;1;0;1;1;0;1;0;0;1;0;0;0;0;1;0;1;0;1;0;1;1;1;1
"gateway_node_4686";0;0;0;0;0;0;1;0;0;1;1;0;0;1;1;0;0;0;1;0;0;0;0;1;1;1;0;0;0;1;0;0;0;0;0;0;1;0;0;1;0;0;1;0;1;0;1;1;0;0;0;1;1;0;1;0;0;0;0;0;0;0;0;0;0;0;0;0;0;1;0;0;0;1;1;0;0;0;0;0;0;0;0;0;0;0;0;0;1;0;0;1;0;0;0;0;0;0;0;0;0;0;0;0
"gateway_node_488";1;0;1;0;1;0;0;0;0;0;0;1;0;0;0;0;0;0;0;1;0;1;0;0;1;0;0;0;1;0;1;0;0;0;0;1;0;0;0;0;0;1;0;1;0;0;1;1;0;0;0;1;1;0;0;0;1;0;1;0;0;0;0;0;0;0;0;0;1;0;0;1;0;0;1;0;0;0;0;0;0;0;0;1;1;0;0;0;0;1;0;0;0;0;0;0;1;0;0;0;0;0;1;0
"gateway_node_4637";1;0;1;1;0;0;1;0;0;0;0;1;1;0;1;0;0;0;0;0;0;0;0;0;1;0;0;0;0;0;0;0;0;0;1;0;0;0;1;0;0;0;0;0;0;0;0;0;0;0;0;0;0;0;1;0;0;0;0;0;0;0;0;0;0;1;1;0;1;0;0;0;0;0;0;1;0;0;1;1;0;1;0;0;1;0;0;1;0;0;0;0;0;1;1;0;0;0;0;0;0;0;0;0
"gateway_node_4199";1;0;0;0;0;0;1;0;1;0;1;0;0;1;0;0;0;0;0;1;0;0;0;1;0;0;0;0;0;1;0;0;1;1;0;0;0;1;0;0;0;0;0;1;1;0;0;0;0;0;0;0;1;0;0;1;0;1;0;1;0;0;0;1;0;1;0;0;0;1;0;0;1;0;1;0;0;0;0;0;0;0;0;0;0;0;0;0;1;0;0;0;0;0;0;0;0;0;1;0;0;0;1;0
"gateway_node_2009";0;1;0;0;0;0;0;0;0;0;1;0;0;0;1;0;0;0;0;0;0;1;0;0;0;0;0;0;0;0;0;0;0;0;0;0;0;1;0;0;1;0;0;1;1;0;1;0;0;1;0;0;0;0;1;0;1;0;0;0;0;0;0;0;0;1;0;0;0;0;1;0;1;1;0;0;1;0;0;0;0;0;0;1;0;1;1;0;1;1;0;1;0;1;1;0;1;0;1;0;0;0;0;0
"gateway_node_1753";0;0;1;0;0;0;0;0;0;1;0;0;0;1;1;1;1;0;0;0;0;0;0;0;0;0;0;0;0;0;0;0;1;0;0;0;0;0;0;1;1;0;0;0;0;0;0;0;0;0;0;1;0;0;0;0;0;0;0;0;1;1;0;1;0;0;0;0;0;0;0;1;1;0;0;1;1;0;0;0;1;1;0;0;0;1;0;0;0;0;0;0;0;0;0;0;0;0;1;1;0;0;0;1
"gateway_node_4379";0;1;0;0;1;0;0;0;1;0;1;0;0;1;1;0;1;0;0;0;1;0;1;0;0;0;0;0;1;1;0;0;0;0;0;0;0;0;0;0;0;0;1;0;0;1;0;0;0;0;0;1;0;0;0;0;0;0;0;0;0;0;0;1;1;1;0;0;0;0;0;0;0;0;0;0;1;1;0;1;0;0;0;0;0;1;0;1;0;0;0;0;0;0;0;1;0;0;0;0;0;0;0;0
"gateway_node_3028";0;0;0;0;0;0;0;0;0;0;0;0;0;0;0;0;1;1;0;0;0;0;0;0;0;0;1;0;0;1;0;0;0;1;0;0;0;0;0;0;0;0;1;0;0;0;0;0;0;0;0;0;1;0;1;1;0;1;0;0;0;1;0;0;0;0;0;0;1;0;0;0;0;0;0;0;0;0;1;0;0;0;0;1;0;1;0;0;0;0;0;0;1;1;1;0;1;0;0;0;0;0;0;0
"gateway_node_1754";0;0;0;1;0;0;1;0;0;1;0;0;0;0;0;0;0;0;1;0;0;0;0;1;1;0;0;0;0;1;1;0;1;0;0;1;0;0;0;1;1;0;0;0;0;0;0;0;0;0;0;0;0;0;0;0;0;1;1;0;0;1;0;0;0;0;0;1;1;0;1;0;0;0;0;0;1;1;1;0;0;0;0;1;0;0;0;1;0;0;0;0;0;0;1;0;0;0;1;0;0;0;1;1
"gateway_node_3828";0;0;1;0;1;1;0;0;0;0;0;0;1;0;0;1;0;0;0;1;1;0;0;0;0;0;0;0;0;0;0;0;0;0;0;0;0;0;0;0;0;0;1;0;0;0;0;0;1;0;0;0;1;0;1;0;0;1;0;1;1;0;0;0;0;0;0;0;0;1;1;1;0;1;0;0;0;0;0;0;1;0;0;0;0;0;1;1;0;1;0;0;0;0;0;0;0;0;0;0;0;0;0;0
"gateway_node_2721";0;1;0;0;1;0;0;0;0;0;0;0;0;0;0;0;1;0;0;0;1;0;0;0;0;0;0;0;0;1;0;0;0;0;0;0;0;0;0;0;0;0;0;0;0;0;0;0;0;0;0;0;0;0;0;0;0;0;0;0;0;0;0;0;0;0;1;0;0;0;1;1;0;0;0;0;0;1;0;0;0;0;0;0;0;0;0;0;1;0;1;0;0;0;0;0;0;0;0;0;0;0;0;0
"gateway_node_4450";0;0;0;0;0;1;0;0;0;0;0;0;0;0;0;0;0;1;0;1;0;1;0;0;0;0;0;0;0;0;0;0;0;0;0;0;0;0;1;1;0;0;1;0;0;0;1;0;0;1;0;0;0;1;1;0;0;0;0;0;0;0;0;1;1;0;0;0;0;1;0;0;0;1;1;0;0;0;0;0;1;1;0;0;0;1;0;0;0;0;0;0;0;0;1;0;1;0;0;0;0;0;1;0
"gateway_node_645";0;0;1;0;1;0;0;0;1;0;0;0;0;0;0;0;0;1;0;0;0;0;1;0;1;1;0;0;0;0;1;0;0;0;1;0;0;0;0;1;0;1;0;0;0;0;0;0;0;0;0;0;0;1;0;1;0;0;0;0;0;0;0;0;0;0;0;0;0;0;0;1;0;0;0;0;0;0;0;0;0;0;0;0;1;0;0;0;0;0;0;1;0;0;0;0;1;0;0;0;0;0;1;0
"gateway_node_786";0;1;0;0;0;0;0;1;1;0;0;0;0;0;0;0;1;0;1;1;0;0;0;1;0;1;0;1;0;0;0;0;0;0;0;1;1;1;0;1;0;0;0;0;0;0;0;0;0;0;0;1;0;0;0;0;0;0;1;1;1;0;0;1;1;0;1;1;0;0;0;0;0;0;0;0;0;1;1;0;0;0;0;0;0;0;0;0;0;0;0;0;0;1;0;0;0;0;0;0;0;1;0;0
"gateway_node_3457";1;0;1;0;1;1;0;1;0;0;0;0;0;0;0;0;1;0;0;0;0;0;0;0;1;0;0;0;0;0;0;0;1;0;0;0;0;0;1;0;0;0;1;1;0;0;0;0;0;0;0;0;0;0;0;0;0;1;0;0;0;0;0;0;1;0;0;1;0;0;0;1;0;0;1;0;1;0;0;0;1;0;0;0;1;0;0;0;0;0;0;0;0;0;0;0;0;0;0;0;0;0;0;1
"gateway_node_1587";0;0;0;0;0;0;0;0;0;1;0;0;1;1;0;1;0;0;0;1;0;1;0;0;0;1;0;0;0;0;0;0;0;0;0;1;0;0;0;1;1;0;1;1;0;0;0;0;0;0;0;0;1;0;0;1;0;0;1;0;0;0;0;0;0;0;1;0;0;0;0;0;0;0;0;0;0;0;1;0;1;0;0;0;0;1;0;0;0;1;1;0;0;0;0;0;0;0;1;0;0;0;1;0
"gateway_node_787";0;0;1;0;1;0;0;0;0;0;0;1;0;0;0;0;0;0;0;0;0;0;0;0;0;0;1;0;0;0;0;1;0;0;0;0;1;0;0;1;0;0;1;1;1;0;0;0;0;0;1;0;0;1;1;0;0;1;0;0;0;0;0;0;0;0;0;0;0;0;0;0;1;0;0;0;0;1;1;0;1;0;0;0;0;0;1;0;0;0;0;0;0;0;0;1;0;0;0;0;1;0;0;0
"gateway_node_2459";0;0;0;0;0;0;0;0;0;0;1;1;0;0;0;0;0;0;1;1;0;1;1;0;0;0;0;1;0;0;0;0;0;0;0;0;0;0;0;0;0;0;1;0;1;0;0;1;1;0;1;0;1;1;0;0;0;0;0;0;0;0;0;1;0;0;0;0;0;0;1;0;0;0;0;0;0;0;1;0;0;1;0;0;1;0;0;1;1;1;0;0;0;0;0;0;0;1;0;0;1;0;1;0
"gateway_node_3727";0;0;0;0;0;0;0;0;0;0;1;0;0;1;0;0;0;0;0;0;0;0;0;0;1;0;0;0;1;1;0;0;0;0;1;0;1;0;0;0;0;0;0;0;0;0;0;0;0;0;0;0;0;0;0;0;0;0;0;1;1;0;0;0;0;1;0;0;0;0;0;0;0;1;0;0;0;0;0;1;0;0;0;0;0;0;0;0;0;0;0;1;0;0;0;1;0;0;0;0;0;0;0;0
"gateway_node_4083";0;0;0;0;0;0;0;0;0;0;0;1;0;1;0;0;0;0;1;0;0;0;0;0;0;0;0;1;0;1;0;0;0;0;0;0;0;0;0;1;0;0;0;0;1;1;0;0;0;0;0;1;0;0;1;0;0;0;1;0;0;0;0;0;0;0;1;0;0;0;0;0;0;1;0;1;0;0;0;0;1;0;0;0;1;0;0;0;0;0;0;0;0;0;0;1;1;1;0;0;1;0;0;0
"gateway_node_481";0;0;1;0;1;1;0;0;0;0;1;0;0;1;0;0;0;1;1;0;0;1;0;0;0;0;0;0;1;0;1;0;0;0;0;0;0;0;0;0;1;0;0;0;1;0;1;0;0;0;0;1;0;0;0;0;0;0;0;0;0;1;0;0;0;0;0;0;0;0;0;1;0;1;0;0;0;0;0;1;0;0;0;0;0;0;0;0;0;0;0;0;0;0;0;1;0;0;0;0;0;0;1;0
"gateway_node_4792";0;0;0;0;0;0;1;0;0;0;1;1;0;0;0;0;0;0;0;0;0;1;0;0;0;0;0;0;1;1;1;1;0;0;1;0;0;0;1;1;1;1;0;0;0;0;0;0;0;0;0;0;0;0;0;0;0;1;0;0;0;0;0;0;0;1;0;0;0;1;0;0;0;0;0;0;0;0;0;0;0;0;1;0;0;0;0;0;1;0;0;0;0;0;1;0;0;0;0;0;0;1;1;0
"gateway_node_1665";1;0;0;1;0;1;1;0;0;0;0;0;0;1;0;0;0;0;1;0;0;1;0;0;1;0;0;0;1;0;0;0;1;0;1;1;1;0;0;0;1;0;0;0;0;0;1;0;0;0;0;0;1;0;1;1;1;0;0;1;0;1;0;0;0;0;0;0;0;0;0;0;0;0;1;1;0;0;0;0;0;0;0;0;0;0;0;0;0;0;0;0;0;0;0;1;0;1;0;0;0;1;0;0
"gateway_node_1437";0;0;1;1;0;1;1;0;0;0;0;1;1;0;0;0;0;0;0;0;0;0;0;0;0;0;0;0;0;0;0;0;0;1;1;0;1;0;0;0;0;0;0;0;0;0;0;0;0;1;1;1;1;1;0;0;1;0;1;0;0;0;0;0;1;0;0;0;0;1;1;0;1;0;0;0;0;0;0;1;0;0;0;0;0;0;1;0;0;0;1;1;0;0;0;0;1;0;0;1;0;0;0;1
"gateway_node_484";1;0;0;0;1;1;1;1;1;0;0;1;0;0;0;0;0;0;0;0;0;0;0;0;0;1;0;0;0;0;0;0;0;0;1;0;0;0;0;0;1;0;0;0;0;0;0;0;0;0;1;1;0;0;1;0;0;0;0;0;0;0;0;0;0;1;0;0;1;0;0;0;1;1;1;0;0;0;1;0;0;0;0;1;1;0;0;0;0;0;1;0;1;0;1;0;0;0;0;0;1;0;1;0
"gateway_node_4769";0;0;1;0;0;0;1;1;0;0;0;0;0;0;1;0;0;1;0;0;0;0;0;0;1;0;1;0;0;0;0;0;0;0;1;1;0;0;0;1;0;1;1;0;1;1;0;1;0;1;0;0;0;1;0;1;0;0;0;0;0;0;1;0;0;0;0;0;0;0;0;0;0;0;0;0;0;0;0;0;0;0;0;0;0;0;0;0;0;0;1;0;0;1;1;0;0;0;1;0;0;0;1;0
"gateway_node_2700";1;0;0;0;0;0;0;0;0;0;0;0;0;0;1;1;0;0;0;0;1;0;0;0;0;0;0;0;0;1;0;0;1;0;0;0;1;1;0;1;0;0;1;0;1;0;0;0;0;1;0;1;0;0;0;1;0;0;0;0;0;0;0;0;0;0;0;0;0;0;1;0;0;0;0;0;0;0;1;0;0;0;0;0;0;0;0;0;0;0;0;0;0;0;0;1;1;0;0;0;0;0;0;0
"gateway_node_2610";0;0;0;0;1;1;1;1;0;1;0;0;1;0;1;0;0;1;0;0;0;0;0;1;1;1;0;0;0;0;0;1;0;0;0;0;0;1;0;0;1;0;0;0;0;0;1;0;0;0;0;0;1;0;0;0;0;0;0;0;0;0;0;0;0;0;0;0;0;1;1;0;0;1;0;1;1;0;0;1;0;0;1;0;1;1;0;1;1;0;0;0;0;1;0;0;0;0;1;0;1;0;0;1
"gateway_node_2701";1;0;0;0;0;1;1;0;1;0;0;0;0;0;0;1;1;0;0;1;0;1;1;0;0;0;0;0;0;0;0;0;0;0;0;0;0;0;1;1;0;0;0;0;0;0;0;1;1;0;0;0;0;0;0;0;0;0;0;1;1;0;0;0;0;1;0;0;0;0;0;0;0;0;0;0;0;0;0;0;0;0;0;1;1;0;0;0;0;0;0;0;0;0;0;1;0;0;0;0;0;1;0;1
"gateway_node_3044";1;0;0;0;0;0;0;1;1;0;1;0;0;1;0;0;0;0;0;1;0;0;0;1;0;0;1;0;1;0;0;0;0;1;0;0;0;1;1;1;0;0;0;0;1;0;1;0;1;0;0;1;0;0;0;1;0;1;0;0;0;0;1;0;1;1;0;0;1;0;0;0;0;0;0;1;0;0;0;0;1;0;0;0;0;0;0;0;0;0;0;0;0;0;0;0;1;0;1;0;1;0;1;0
"gateway_node_4127";0;0;0;1;0;0;0;0;0;0;0;1;0;0;1;0;0;1;0;0;0;0;0;1;0;0;1;0;0;0;0;1;1;0;1;0;0;0;1;0;1;1;0;0;0;0;1;0;1;0;0;1;0;1;0;0;1;0;1;1;0;0;0;1;0;0;0;0;0;0;0;0;0;1;0;0;0;0;0;0;0;1;0;1;0;0;0;1;0;0;0;0;0;0;0;0;1;0;0;0;1;1;0;1
"gateway_node_530";1;0;0;0;0;1;0;0;1;0;0;0;0;0;0;0;0;1;0;0;0;0;1;0;0;1;1;0;0;0;0;0;1;0;0;0;0;1;1;0;0;1;0;0;0;0;1;0;0;0;0;1;0;0;1;1;1;1;1;0;0;0;1;0;1;0;0;1;0;0;1;0;0;0;0;0;0;1;0;0;1;0;0;0;1;1;0;0;1;0;0;0;0;0;0;1;0;0;0;0;0;0;0;0
"gateway_node_1861";1;0;0;1;1;0;1;0;1;1;1;0;0;0;0;0;0;0;0;1;1;0;0;0;1;0;0;0;0;0;0;1;0;0;0;0;0;0;0;0;0;0;1;0;0;0;1;0;1;0;0;0;0;0;1;1;0;0;1;0;0;0;0;0;0;0;0;0;1;0;0;1;1;1;0;1;0;1;0;0;0;0;0;0;0;0;0;0;1;0;0;0;0;1;0;0;0;0;0;1;1;0;1;0
"gateway_node_1028";0;0;0;0;0;1;0;1;0;0;1;1;1;1;0;0;1;0;0;0;1;0;1;0;0;0;0;0;1;1;0;1;1;0;0;0;0;0;1;1;0;1;0;1;0;1;0;0;0;0;0;0;0;0;0;0;0;0;1;0;0;0;0;1;1;0;1;0;1;0;0;0;0;0;0;0;0;0;1;0;0;0;0;0;1;0;0;0;0;1;0;0;1;0;0;0;0;0;1;0;0;0;1;0
"gateway_node_232";1;1;0;0;0;0;0;0;0;1;0;1;0;1;0;1;0;0;0;1;0;0;0;0;0;0;0;0;0;0;0;0;0;1;0;0;0;0;0;0;0;0;0;0;1;0;1;0;0;0;0;0;0;0;0;1;0;0;0;0;1;0;0;0;0;0;0;0;0;1;0;0;0;0;0;0;0;1;0;0;0;0;0;1;0;0;0;0;0;0;0;0;0;1;1;0;0;0;0;0;0;0;0;1
"gateway_node_2483";0;0;0;0;0;1;0;0;0;0;0;0;0;0;0;1;0;0;0;0;0;0;0;0;1;0;0;0;1;1;0;0;0;0;0;0;0;0;0;0;0;0;0;1;0;1;0;0;0;0;0;1;0;0;0;0;0;1;0;1;0;0;0;1;0;0;0;1;1;0;1;0;0;0;0;0;0;1;0;0;0;0;0;0;0;0;0;0;0;1;0;1;1;0;1;0;0;0;0;0;1;0;1;0
"gateway_node_4932";1;0;0;1;0;0;0;0;0;0;0;0;0;0;0;0;0;0;0;0;0;0;0;0;0;0;1;1;0;1;0;0;0;0;0;1;0;0;0;1;0;0;0;0;0;0;1;0;0;1;0;0;0;0;0;0;1;1;0;1;0;0;0;1;1;0;1;0;0;0;0;0;0;0;0;0;0;0;0;0;0;0;0;0;0;0;0;0;0;0;1;0;0;0;0;0;0;0;1;1;1;0;1;0
"gateway_node_1921";1;0;1;0;0;0;1;0;0;0;0;0;0;0;0;1;0;0;1;0;0;0;0;0;0;0;0;0;0;0;1;0;0;0;1;1;0;0;0;0;0;0;0;0;0;0;0;1;0;0;0;0;0;0;0;0;0;1;1;0;0;0;1;0;0;0;0;0;0;0;0;0;0;0;0;0;0;0;0;0;0;0;0;0;1;0;0;0;0;1;0;1;0;0;1;1;0;0;0;0;0;0;0;0
"gateway_node_3010";0;0;1;0;0;0;0;0;0;0;0;1;0;0;1;0;1;1;0;0;0;0;1;1;1;1;1;0;0;0;1;0;0;0;0;0;0;0;0;0;0;0;0;0;0;1;0;0;1;1;0;1;0;0;1;0;0;0;0;0;1;1;0;1;0;0;0;1;0;0;0;1;1;1;0;1;0;0;1;0;1;0;0;0;1;0;1;0;0;0;0;0;0;0;0;0;0;1;1;0;0;0;0;0
"gateway_node_3042";0;0;1;0;1;0;0;1;0;0;0;1;0;0;0;1;0;0;1;0;0;0;0;1;0;0;0;0;0;1;0;1;0;0;0;0;0;0;1;1;0;0;0;0;0;0;0;1;1;1;0;0;0;1;0;0;0;1;0;1;0;0;0;0;0;0;0;0;0;0;0;0;1;0;0;0;0;0;1;0;1;0;0;1;1;1;0;1;0;0;0;0;0;0;0;0;0;0;0;0;0;1;0;0
"gateway_node_2867";0;0;1;0;0;0;0;0;0;0;1;1;0;0;0;0;0;0;0;0;0;0;0;0;0;0;0;0;0;0;0;0;1;1;1;0;0;0;0;1;0;0;0;0;0;0;0;0;0;0;1;0;0;0;0;0;0;0;1;0;0;0;0;0;0;1;0;1;0;0;0;0;0;0;0;0;0;1;0;1;0;0;1;0;0;0;0;0;0;0;0;0;0;0;1;0;0;0;0;0;0;1;1;0
"gateway_node_4939";0;0;0;0;1;0;0;0;0;0;1;0;0;0;0;1;0;0;1;0;0;0;0;0;0;0;0;0;0;0;0;0;0;0;0;0;0;0;0;0;0;0;0;0;0;0;0;0;0;0;0;1;1;0;0;0;0;0;0;1;0;0;1;0;1;1;0;0;0;1;1;0;0;0;0;1;0;0;0;1;0;0;0;0;0;0;0;0;0;0;1;0;0;0;0;0;0;0;1;1;1;1;0;0
"gateway_node_4941";0;0;0;0;0;0;0;0;0;0;1;1;0;0;0;0;0;0;0;0;0;0;1;0;0;0;0;0;0;0;0;1;0;0;1;0;0;1;0;1;0;0;0;0;1;0;0;0;0;0;0;1;1;0;1;0;0;0;0;0;1;0;1;0;1;1;0;1;0;0;1;0;1;0;0;0;0;1;0;0;1;0;1;0;0;0;1;0;0;1;1;0;0;0;0;0;1;0;0;1;0;0;1;0
"gateway_node_5101";0;0;0;1;0;0;0;0;0;1;1;0;0;0;1;0;1;0;0;0;0;0;0;0;0;0;0;0;0;1;0;0;0;1;0;0;0;0;1;1;1;0;0;0;0;0;0;0;0;0;0;0;0;1;0;0;0;1;0;0;0;1;0;0;0;0;1;0;1;0;1;0;1;1;0;0;0;1;0;0;1;1;1;0;1;1;0;1;1;0;1;0;1;0;0;0;0;0;0;0;0;0;0;0
"gateway_node_5102";1;0;0;0;1;0;0;0;0;0;0;1;0;0;0;0;0;0;0;0;0;0;0;1;1;1;0;1;0;1;0;1;1;0;1;0;0;1;0;0;0;0;1;0;0;1;0;0;1;0;0;0;0;0;1;0;1;0;0;0;0;0;0;0;1;0;0;0;0;0;1;0;0;0;0;1;0;1;0;0;1;0;0;0;0;1;0;1;0;0;0;0;0;0;1;1;0;0;1;1;0;0;0;0
"gateway_node_5133";1;0;0;1;0;1;1;1;1;1;1;0;0;0;0;0;0;0;0;0;0;0;0;0;0;0;0;1;1;0;0;0;0;0;0;0;1;0;0;0;0;0;0;0;0;0;0;0;0;1;1;0;0;0;0;1;0;0;0;1;0;0;1;0;1;1;0;1;1;0;0;1;0;0;0;0;0;0;1;1;0;1;0;0;0;1;0;0;0;0;0;1;0;1;1;1;1;0;0;0;0;0;0;0
"gateway_node_5139";0;0;0;0;1;0;1;1;0;0;0;0;0;0;0;0;0;0;0;0;0;1;0;1;1;0;0;0;0;0;0;1;0;0;1;0;0;0;0;1;1;0;0;0;0;0;0;0;0;1;0;1;0;0;0;0;1;0;0;0;0;1;0;1;0;0;0;1;0;1;0;1;0;0;1;0;1;0;1;0;0;1;0;0;0;0;0;0;0;0;1;0;0;0;0;1;0;0;0;0;0;0;0;0
"gateway_node_5140";0;0;0;1;0;1;0;0;0;0;0;0;1;0;0;1;0;0;0;0;1;0;0;0;0;1;0;1;0;0;0;0;1;0;0;0;0;0;0;0;0;0;0;0;1;0;0;0;0;0;0;0;0;0;0;1;0;1;0;0;0;0;0;0;0;1;1;0;0;1;0;0;0;0;0;0;1;1;0;0;1;0;0;0;0;0;0;0;0;0;1;0;0;0;1;0;0;0;0;1;0;0;0;0
"gateway_node_5217";0;0;1;0;0;0;0;0;0;1;1;0;0;1;1;1;0;0;0;0;0;1;0;0;1;0;0;0;0;1;1;0;0;0;0;0;0;0;0;0;1;1;1;0;0;0;0;0;0;0;0;0;0;0;0;0;0;0;1;0;0;1;0;0;1;0;0;0;0;0;0;0;0;1;1;0;0;0;0;0;0;0;0;1;0;1;0;0;0;0;0;1;0;0;0;0;1;0;0;0;0;0;0;0
"gateway_node_1486";0;0;0;0;1;1;0;1;0;0;0;1;0;1;0;0;1;0;0;0;0;0;1;0;1;0;0;1;0;0;0;0;0;0;0;0;1;1;1;1;0;0;0;0;0;0;1;1;0;0;1;1;0;0;1;0;0;0;0;1;0;1;0;0;0;0;1;0;0;0;0;0;0;0;0;1;1;0;0;0;0;0;0;0;0;0;0;1;0;0;0;1;1;0;1;0;1;0;0;0;0;0;0;0
"gateway_node_3553";0;0;1;0;0;1;0;0;0;0;1;1;0;0;0;0;0;0;1;1;1;1;0;0;0;0;0;0;1;0;1;0;0;0;0;0;1;0;0;0;0;0;1;0;0;0;0;0;0;0;1;0;0;0;1;0;1;1;0;0;1;0;0;1;1;0;1;0;0;0;0;0;0;0;0;0;0;1;0;1;0;0;0;0;0;1;0;0;1;0;0;0;0;0;0;1;0;0;0;0;0;1;1;1
"gateway_node_3070";0;0;0;0;0;0;0;0;0;0;0;0;0;0;0;0;0;1;0;0;1;0;0;1;0;1;1;0;0;1;0;0;0;0;0;0;1;0;1;0;0;0;1;0;0;0;1;0;0;0;0;0;0;0;0;1;0;1;0;0;0;1;0;0;0;0;0;0;0;0;0;0;1;0;0;0;0;0;0;0;1;0;0;0;1;0;0;0;0;0;0;1;0;0;1;1;0;0;0;1;0;0;0;0
"gateway_node_3514";0;1;0;0;0;1;0;1;0;0;0;0;0;0;1;0;0;0;0;1;1;0;0;1;1;0;0;0;0;1;0;0;0;0;1;0;0;0;1;0;0;0;0;0;0;0;0;0;0;1;0;0;1;0;0;1;0;0;0;0;0;0;1;1;0;0;0;0;0;0;0;0;1;0;0;0;0;0;0;0;0;0;0;0;0;0;0;0;0;0;0;1;0;0;0;0;0;0;0;0;0;0;1;0
"gateway_node_1993";0;1;0;0;1;0;0;0;1;0;1;0;0;0;1;0;0;0;0;0;0;0;0;1;0;0;0;0;0;1;1;0;1;0;0;0;1;0;0;0;0;0;1;0;0;0;0;0;0;0;0;0;0;0;0;0;1;0;0;1;0;0;0;1;0;1;0;0;0;0;0;0;0;1;0;1;0;0;0;0;1;1;0;0;0;0;1;0;0;1;0;1;0;0;0;1;0;1;0;0;0;0;0;0
"gateway_node_1992";0;0;0;0;0;0;0;0;0;0;0;0;1;0;0;0;0;0;1;0;0;0;0;0;1;0;1;1;1;0;0;0;0;0;0;0;0;0;0;0;0;0;1;0;0;0;1;0;0;1;0;0;1;1;1;0;0;0;1;0;1;0;0;0;1;1;0;1;0;1;1;0;1;0;0;0;0;0;0;1;1;1;1;0;1;0;0;0;0;0;1;0;0;0;0;1;0;1;0;0;0;0;0;0
"gateway_node_5142";0;0;0;0;0;0;0;1;0;0;0;1;0;0;0;1;0;0;0;0;0;0;0;0;1;0;0;1;0;0;0;0;1;0;0;0;0;0;0;0;0;0;0;0;0;0;1;0;0;0;1;0;0;0;0;0;1;0;0;0;0;1;1;0;1;1;1;0;0;0;0;1;0;0;0;0;0;0;0;0;0;1;0;1;0;0;1;0;0;1;0;1;0;1;1;0;0;0;0;1;0;0;0;0
"gateway_node_5218";0;0;0;0;0;0;0;0;0;1;0;0;0;0;0;0;0;0;0;0;1;1;0;1;0;0;1;0;0;0;0;0;0;0;0;0;0;0;0;0;0;0;0;1;1;1;0;1;0;0;0;0;1;0;0;1;0;1;0;1;0;0;0;0;0;0;1;0;1;0;0;0;1;0;1;1;0;1;1;1;0;0;1;0;0;0;1;0;1;1;1;1;0;0;0;1;0;0;0;0;0;1;1;0
"gateway_node_1920";0;1;1;0;0;0;0;0;0;0;0;0;0;0;0;0;1;1;0;0;0;1;1;0;1;0;0;0;0;1;0;0;0;0;0;0;1;0;0;1;0;1;0;1;0;0;0;1;0;1;0;0;0;1;1;0;0;0;0;1;0;0;1;0;0;0;0;1;1;1;0;1;0;0;0;1;1;0;0;0;0;0;0;1;1;0;0;0;0;0;1;0;0;0;0;0;0;0;0;0;1;0;0;0
"gateway_node_3516";0;0;0;0;0;0;0;1;0;1;0;0;1;0;0;0;0;0;1;0;1;0;0;0;0;0;1;1;0;0;0;0;0;0;0;0;0;0;0;0;0;0;0;1;0;0;0;0;0;1;0;1;0;0;0;0;0;0;0;0;0;0;1;0;0;0;0;0;1;0;0;0;0;0;0;1;0;0;0;0;0;0;0;0;0;0;0;0;0;0;0;0;0;0;1;0;0;0;1;1;0;0;0;0
"gateway_node_4713";1;1;1;1;0;0;0;0;1;0;0;0;0;0;0;0;0;0;0;1;0;0;0;1;0;0;0;0;1;1;1;0;0;0;0;1;0;1;0;0;0;1;0;0;0;1;0;1;0;1;0;0;0;0;0;0;0;0;0;0;0;0;0;1;0;0;0;0;1;1;0;0;0;0;0;0;0;0;0;1;1;1;0;1;0;0;1;0;0;0;1;0;0;0;1;1;0;1;0;0;0;0;0;0
"gateway_node_3013";1;0;1;0;0;0;0;1;1;0;0;0;0;0;0;0;1;0;0;0;0;0;0;0;0;0;0;0;0;1;0;1;0;0;1;0;0;0;0;1;0;0;0;0;0;0;0;0;0;0;0;0;0;0;0;0;0;1;1;0;0;0;0;0;0;0;0;0;1;0;1;0;0;0;0;0;0;0;1;0;0;0;0;0;0;1;0;1;0;0;0;0;1;0;0;0;1;1;0;0;1;0;0;1
"gateway_node_3009";0;0;0;1;1;1;0;0;0;0;0;1;0;0;0;0;1;0;0;1;1;0;0;0;0;0;0;0;0;0;0;0;0;0;0;0;0;0;0;0;0;0;0;0;0;0;0;0;0;0;0;0;0;0;1;0;1;0;0;0;0;0;0;0;0;0;0;0;0;0;0;1;0;0;1;0;0;0;0;0;0;0;0;0;0;0;0;0;0;0;0;0;0;0;0;1;0;0;1;0;0;0;0;0
"gateway_node_3766";0;0;0;1;1;0;0;0;0;0;0;0;0;0;0;1;1;0;1;0;1;0;0;1;1;0;1;1;0;0;0;0;0;1;0;0;0;0;0;0;0;1;0;0;0;1;1;0;0;0;0;0;0;1;0;0;0;0;1;0;0;1;0;0;0;0;0;0;0;0;0;0;1;1;0;0;0;0;1;0;1;0;0;0;0;0;0;0;0;0;0;0;0;0;0;0;0;0;0;0;1;0;0;0
"gateway_node_3713";0;0;0;0;0;0;0;0;0;0;0;0;0;0;0;0;1;0;0;0;0;0;0;1;0;0;0;1;0;0;1;0;0;1;1;0;0;1;0;0;1;0;0;1;1;0;0;0;0;1;0;0;1;0;0;0;0;0;0;0;0;0;0;0;0;0;0;0;0;1;0;0;0;1;0;0;0;0;0;0;1;0;0;1;0;0;0;0;1;0;0;0;0;0;1;0;1;0;0;0;1;0;0;1
"gateway_node_3871";0;0;0;0;0;0;0;0;0;1;1;0;0;0;0;0;0;0;1;1;1;0;0;0;0;0;0;1;0;0;0;1;0;0;0;0;1;0;0;0;0;0;0;0;0;0;0;0;0;0;0;0;0;0;1;0;0;1;1;0;0;1;0;0;0;0;1;0;0;0;1;0;0;0;1;1;0;0;0;0;0;1;0;0;0;0;0;0;0;0;0;1;0;0;0;0;1;0;0;0;0;0;0;0
"gateway_node_3937";0;1;1;0;0;0;0;1;0;1;0;0;1;1;0;0;0;0;0;0;0;0;0;0;0;0;1;0;0;1;0;0;0;0;1;0;0;0;0;1;0;0;0;0;0;0;0;0;0;0;0;0;0;0;0;0;0;0;0;0;1;0;0;0;0;0;0;0;1;1;1;0;0;0;0;1;0;0;1;0;0;0;0;1;0;0;1;0;1;0;0;1;1;0;0;0;0;0;1;1;0;1;1;0
"gateway_node_4247";0;0;0;0;1;1;0;0;0;0;0;1;0;0;0;0;0;0;0;0;0;0;0;0;0;0;0;0;0;1;1;0;0;0;0;0;0;0;0;1;0;1;0;0;0;0;0;0;1;1;0;0;0;0;1;0;0;0;0;0;0;0;1;1;0;1;0;0;1;0;0;0;0;1;0;1;1;0;0;0;0;0;0;0;1;0;0;0;1;1;1;0;1;1;0;1;0;1;1;0;0;0;1;1
"gateway_node_4799";0;0;1;0;0;0;0;0;0;0;1;1;1;1;0;0;0;0;0;0;0;0;0;0;0;0;0;1;0;0;0;0;0;0;0;0;0;1;0;0;1;0;0;0;0;0;0;0;1;0;0;0;0;0;0;1;0;1;0;0;0;0;1;0;0;0;1;0;0;0;1;1;0;0;0;0;0;1;0;0;0;0;0;0;0;0;1;0;0;1;0;0;0;0;0;1;0;0;0;0;0;0;0;1
"gateway_node_4800";0;0;0;0;1;1;0;0;0;0;1;0;0;0;0;1;0;0;0;0;0;0;0;0;0;0;1;0;1;0;1;1;1;1;0;0;0;1;1;1;1;0;0;0;0;0;1;0;0;0;0;0;1;0;0;1;1;0;0;1;1;0;0;0;0;1;1;0;0;0;1;0;0;0;0;0;1;1;1;0;0;1;0;0;0;1;0;0;0;0;0;0;0;0;0;0;0;0;0;0;0;0;1;0
"gateway_node_4388";0;1;0;1;0;0;0;0;0;0;0;1;0;0;0;1;1;1;0;0;0;0;0;0;0;1;1;0;1;0;0;1;1;1;1;0;0;0;0;1;1;0;1;0;0;0;0;0;0;0;0;0;0;0;0;1;0;0;0;0;0;0;0;0;0;1;0;0;0;0;1;1;0;0;0;0;0;1;0;1;1;1;0;0;0;1;0;1;0;0;0;0;0;0;1;1;0;0;0;0;0;0;0;1
"gateway_node_528";0;0;1;0;0;0;0;1;0;0;0;0;0;0;0;0;0;0;0;0;1;1;0;1;0;0;1;0;1;0;0;0;1;0;0;1;0;0;1;0;0;0;0;0;0;0;0;1;0;0;0;0;1;1;0;0;0;0;0;0;0;1;0;0;0;1;0;0;0;0;0;0;0;0;1;1;0;0;0;0;1;0;0;0;0;1;0;0;0;0;0;1;0;1;0;1;0;0;0;0;0;1;0;0
"gateway_node_118";0;0;0;1;0;0;0;1;1;0;0;0;0;0;0;0;0;0;1;1;1;0;0;0;0;1;0;0;0;0;0;0;0;0;1;1;0;0;0;0;0;0;1;1;0;0;0;0;1;0;0;0;0;0;1;1;0;0;0;1;0;0;0;0;0;1;1;1;1;0;0;1;0;0;1;1;0;1;0;0;1;1;1;0;0;0;0;0;1;0;0;0;0;0;0;1;0;0;0;0;1;1;0;1
"gateway_node_4332";0;0;0;0;1;1;0;0;0;0;0;0;0;0;1;0;1;0;0;0;0;1;0;0;1;0;0;0;1;0;0;0;0;0;0;1;1;0;0;0;0;0;0;0;0;0;0;1;0;0;0;0;0;0;0;0;0;0;0;0;0;1;0;0;0;0;0;0;1;0;0;0;0;0;0;0;0;0;0;0;0;0;1;0;1;0;1;1;1;0;0;1;0;0;1;0;1;0;0;0;0;0;0;1
"gateway_node_1618";1;0;0;0;1;0;0;0;1;0;0;0;1;0;0;0;0;1;0;0;0;0;0;1;0;0;0;0;0;0;0;0;0;0;0;0;0;0;0;0;0;1;0;0;0;0;1;0;1;0;0;0;0;0;0;0;0;0;0;0;1;0;1;0;0;1;1;0;0;0;0;0;0;0;0;0;1;1;0;0;1;1;0;1;0;1;0;0;0;0;0;0;0;0;1;0;0;0;1;0;1;0;0;0
"gateway_node_2596";0;0;0;0;1;0;0;0;0;1;0;0;0;0;0;0;0;0;0;1;0;0;0;1;1;0;0;1;0;0;1;0;0;0;0;1;1;0;0;0;0;0;0;0;0;0;0;0;0;0;0;0;1;1;1;1;0;0;0;0;1;1;1;0;1;0;0;0;0;0;0;0;1;0;0;0;0;0;0;0;0;0;0;0;1;0;0;0;1;0;1;0;0;1;0;0;0;0;0;0;0;0;0;0
"gateway_node_1617";1;0;0;1;0;0;0;0;0;0;0;1;1;1;0;0;0;0;0;0;0;1;0;0;0;0;0;0;1;1;0;0;0;0;1;0;0;0;1;0;0;1;0;0;1;1;0;0;1;0;0;0;0;0;0;0;0;0;0;0;0;0;0;1;0;0;0;0;0;0;0;0;0;1;0;0;0;0;0;0;0;0;1;0;0;1;0;0;0;1;0;0;1;0;1;0;0;0;0;0;0;0;1;0
"gateway_node_936";0;0;1;0;0;0;0;0;0;1;0;0;0;0;0;1;1;0;0;0;0;0;1;0;0;1;0;1;0;0;0;0;0;1;0;1;1;1;0;0;0;0;0;0;0;1;0;0;0;1;1;0;0;1;1;1;0;0;0;1;0;1;0;0;0;0;0;0;1;0;1;1;0;1;0;0;0;0;0;1;0;0;0;0;1;0;1;0;0;0;0;0;0;0;0;0;0;0;1;0;0;0;0;0
"gateway_node_1755";1;1;0;0;0;0;0;0;0;0;0;0;0;0;0;0;0;0;1;0;0;0;0;0;0;0;1;0;0;0;0;1;0;0;0;0;0;0;0;0;0;0;0;0;0;0;1;1;0;0;0;0;0;0;1;1;1;0;0;0;0;0;0;0;0;0;0;0;0;1;0;0;0;0;0;0;0;1;0;1;1;0;0;0;0;0;0;1;0;1;0;0;0;0;0;0;0;0;0;0;0;0;0;0
"gateway_node_1947";1;0;1;1;0;0;0;0;0;0;0;1;1;1;1;0;0;0;0;0;0;1;0;0;1;1;0;0;0;0;1;0;0;1;1;0;1;0;0;0;0;0;0;0;0;0;1;0;0;0;0;1;0;0;0;0;0;0;0;0;0;0;1;0;0;0;1;1;1;0;0;0;0;0;0;0;1;1;0;0;0;0;0;0;0;0;0;0;1;0;0;0;0;0;0;0;0;1;0;0;1;0;1;0
"gateway_node_1757";0;0;0;0;0;1;1;1;1;1;0;1;0;0;0;0;0;1;1;0;0;1;0;1;0;0;1;1;0;1;0;1;0;0;0;0;0;0;0;0;0;0;0;0;0;0;1;0;0;0;0;0;0;0;1;1;0;0;1;0;0;0;1;0;0;0;0;0;0;1;0;1;1;0;0;1;0;0;0;0;0;0;0;0;1;0;0;0;1;1;0;0;0;1;0;0;0;0;1;0;0;1;0;0
"gateway_node_3081";0;1;1;0;0;1;0;0;0;0;0;1;1;0;1;1;0;0;0;0;0;0;0;1;1;1;0;0;0;1;0;0;0;1;0;0;0;0;0;1;1;0;1;0;1;0;1;0;0;0;1;0;0;0;1;0;1;1;0;0;0;0;0;1;0;0;0;0;0;0;0;1;0;1;1;1;0;0;1;0;0;0;0;0;0;0;0;1;0;0;1;0;1;1;0;0;0;0;1;1;0;0;0;0
"gateway_node_4423";0;0;0;1;0;0;0;0;0;0;0;0;1;1;1;0;1;0;0;0;1;1;1;0;1;0;0;0;0;0;0;0;1;0;0;0;1;0;1;0;0;0;0;0;0;0;0;0;0;0;0;0;0;0;0;1;0;0;1;0;0;0;0;1;1;0;0;0;0;0;0;0;0;1;0;0;0;0;1;0;1;1;0;0;0;0;1;0;1;1;0;1;0;0;0;0;0;0;0;0;0;0;0;0
"gateway_node_3166";0;1;0;0;1;0;1;0;0;1;0;0;0;0;0;0;1;0;0;0;0;0;0;0;0;0;0;0;0;0;0;0;0;0;0;0;0;1;0;0;0;0;0;1;0;0;0;1;0;1;0;1;1;0;0;0;0;0;0;1;0;0;0;0;0;0;1;0;0;0;0;0;1;0;0;0;1;1;0;0;0;0;0;1;0;0;0;0;1;0;0;0;1;0;0;1;0;0;0;0;0;0;1;1
"gateway_node_4347";0;0;0;0;1;0;0;0;0;1;0;0;0;0;0;0;0;0;1;0;1;1;0;0;1;1;1;1;0;1;0;0;0;0;0;1;0;1;0;0;0;1;0;1;0;0;0;0;0;0;0;0;0;0;1;1;1;1;0;0;1;0;0;0;0;1;0;0;0;0;0;0;0;1;0;1;0;0;0;0;1;0;0;0;0;0;0;1;0;0;0;0;1;1;0;0;1;0;0;0;0;1;1;0
"gateway_node_161";0;1;0;0;0;1;0;1;0;0;0;0;1;0;0;0;0;0;1;1;0;1;0;1;1;1;0;0;0;0;0;0;0;1;0;0;0;0;0;0;0;1;1;0;0;0;0;0;0;0;0;0;0;0;0;1;0;0;1;0;0;0;0;0;0;0;0;0;0;1;0;1;1;1;0;0;0;0;0;0;0;0;1;1;0;1;0;1;0;0;0;0;0;0;1;0;0;0;0;1;1;0;1;0
"gateway_node_486";0;0;1;0;0;0;0;0;0;0;1;0;0;0;0;0;0;0;1;0;1;0;1;1;1;0;1;1;0;0;0;0;0;0;0;1;1;0;0;0;1;0;0;1;1;0;1;0;0;0;0;1;0;0;1;0;0;1;1;0;0;0;0;0;0;0;0;0;0;0;0;1;0;0;0;0;0;1;0;0;1;0;0;0;0;0;1;0;0;0;0;0;0;0;0;1;0;0;0;0;0;0;0;0
"gateway_node_1319";0;0;0;0;0;0;1;0;0;1;0;0;0;0;0;0;1;0;0;0;0;0;1;1;0;0;0;0;0;0;0;0;0;0;0;0;0;0;0;0;0;0;1;1;0;0;0;0;0;0;0;0;0;0;0;0;1;0;0;0;0;0;0;0;1;0;0;0;0;1;1;0;1;0;1;0;1;0;0;0;0;1;1;0;0;0;0;1;0;0;0;0;0;1;0;1;1;0;0;1;0;0;0;0
"gateway_node_1565";0;0;0;0;0;0;1;0;0;0;0;0;0;0;0;0;0;1;1;0;0;0;0;0;0;0;0;1;1;0;0;0;0;0;1;1;0;0;0;0;0;0;0;0;0;0;0;0;1;1;0;1;0;0;1;1;0;0;0;0;0;0;0;1;0;0;0;0;0;1;0;0;0;0;0;0;0;0;1;0;1;0;1;0;0;0;0;0;0;1;0;1;0;0;0;0;1;1;0;0;0;0;0;1
"gateway_node_181";0;0;0;0;0;0;0;0;0;0;0;0;0;1;0;1;0;0;0;0;0;0;1;0;0;1;0;0;0;1;0;0;0;0;0;0;1;0;0;0;0;1;0;0;1;1;0;0;0;0;0;0;1;1;1;0;0;0;0;0;0;0;1;0;1;0;0;0;0;1;0;0;0;0;0;0;0;0;0;0;0;0;0;0;0;1;0;1;1;1;0;1;0;0;1;0;0;0;1;0;1;0;0;1
"gateway_node_1339";0;0;0;0;0;0;0;0;0;0;0;0;0;0;0;0;0;0;1;0;0;1;0;0;0;0;0;0;0;0;0;0;0;0;0;0;0;0;0;0;1;0;0;0;0;0;0;0;1;0;1;0;0;0;1;0;0;0;0;1;0;0;0;0;1;1;0;0;0;1;0;1;0;0;0;0;0;1;0;0;0;0;0;0;0;0;0;0;1;0;1;0;0;1;0;1;0;0;0;1;0;1;0;1
"gateway_node_2567";1;0;0;0;0;0;0;1;0;0;0;1;0;0;0;0;0;0;0;0;0;0;1;0;0;0;0;1;0;0;0;0;0;0;0;0;0;0;0;0;0;1;0;0;0;0;0;0;0;0;1;0;0;0;0;1;0;1;0;1;0;0;0;0;0;0;0;0;0;0;0;0;1;0;0;0;0;0;0;1;0;0;1;0;1;0;0;0;0;0;0;0;0;0;0;0;0;0;0;1;1;0;0;0
"gateway_node_3928";0;1;0;0;1;0;0;0;1;1;1;0;1;0;0;0;0;1;0;0;0;0;0;0;0;0;0;0;0;0;0;0;0;0;0;0;1;0;0;0;0;0;0;1;0;0;0;0;1;0;0;0;0;0;0;1;0;0;0;0;0;0;1;0;0;0;1;0;1;1;0;0;0;0;1;0;0;0;1;0;0;0;1;0;0;0;0;0;0;1;0;0;1;1;1;0;1;0;0;0;0;1;0;1
"gateway_node_4346";0;0;0;1;1;0;0;1;1;0;0;0;0;0;0;0;0;0;0;0;0;0;0;0;1;0;0;0;0;0;0;0;0;0;1;0;0;0;1;0;0;1;0;1;0;1;0;0;0;0;0;0;0;0;1;1;1;0;0;0;1;1;0;1;0;0;0;0;0;0;1;1;1;0;0;0;1;1;0;1;1;0;0;0;0;0;1;0;0;0;1;0;0;0;0;0;0;0;0;0;0;0;1;0
"gateway_node_4348";0;0;0;1;0;0;0;0;0;0;0;1;1;0;0;1;0;0;0;0;0;0;0;1;0;0;0;0;1;0;0;1;0;1;0;0;0;0;0;1;1;1;0;1;1;1;1;0;0;0;0;0;0;0;0;0;0;0;0;0;0;1;0;0;0;1;0;0;0;0;1;0;0;0;0;0;0;0;0;1;1;0;0;0;0;0;0;0;0;0;1;0;0;0;0;0;0;0;1;0;0;0;0;1
